7.993496e+002,9.982175e+001
8.003138e+002,1.004402e+002
8.012781e+002,1.008955e+002
8.022423e+002,1.011567e+002
8.032065e+002,1.012003e+002
8.041708e+002,1.010348e+002
8.051350e+002,1.006982e+002
8.060992e+002,1.002468e+002
8.070635e+002,9.973968e+001
8.080277e+002,9.923694e+001
8.089919e+002,9.878782e+001
8.099562e+002,9.842513e+001
8.109204e+002,9.815796e+001
8.118846e+002,9.797520e+001
8.128489e+002,9.785622e+001
8.138131e+002,9.778030e+001
8.147773e+002,9.773566e+001
8.157416e+002,9.771980e+001
8.167058e+002,9.773323e+001
8.176700e+002,9.777389e+001
8.186343e+002,9.783340e+001
8.195985e+002,9.789906e+001
8.205627e+002,9.795753e+001
8.215270e+002,9.800067e+001
8.224912e+002,9.802297e+001
8.234554e+002,9.802624e+001
8.244197e+002,9.801205e+001
8.253839e+002,9.798049e+001
8.263481e+002,9.792754e+001
8.273124e+002,9.784607e+001
8.282766e+002,9.772726e+001
8.292408e+002,9.756417e+001
8.302051e+002,9.735300e+001
8.311693e+002,9.709877e+001
8.321335e+002,9.681396e+001
8.330978e+002,9.651987e+001
8.340620e+002,9.624299e+001
8.350262e+002,9.601136e+001
8.359905e+002,9.584984e+001
8.369547e+002,9.577616e+001
8.379189e+002,9.579837e+001
8.388832e+002,9.591298e+001
8.398474e+002,9.610167e+001
8.408116e+002,9.633247e+001
8.417759e+002,9.656364e+001
8.427401e+002,9.675249e+001
8.437043e+002,9.686289e+001
8.446686e+002,9.687196e+001
8.456328e+002,9.677158e+001
8.465970e+002,9.656905e+001
8.475613e+002,9.628485e+001
8.485255e+002,9.594962e+001
8.494897e+002,9.560025e+001
8.504540e+002,9.527635e+001
8.514182e+002,9.501540e+001
8.523824e+002,9.485000e+001
8.533467e+002,9.480415e+001
8.543109e+002,9.489085e+001
8.552751e+002,9.510863e+001
8.562394e+002,9.543941e+001
8.572036e+002,9.585106e+001
8.581678e+002,9.630338e+001
8.591321e+002,9.675668e+001
8.600963e+002,9.717848e+001
8.610605e+002,9.754739e+001
8.620248e+002,9.785324e+001
8.629890e+002,9.809454e+001
8.639532e+002,9.827550e+001
8.649175e+002,9.840331e+001
8.658817e+002,9.848728e+001
8.668459e+002,9.853675e+001
8.678102e+002,9.856176e+001
8.687744e+002,9.857146e+001
8.697386e+002,9.857450e+001
8.707029e+002,9.857765e+001
8.716671e+002,9.858495e+001
8.726313e+002,9.859827e+001
8.735956e+002,9.861700e+001
8.745598e+002,9.863958e+001
8.755240e+002,9.866440e+001
8.764883e+002,9.868994e+001
8.774525e+002,9.871575e+001
8.784167e+002,9.874122e+001
8.793810e+002,9.876588e+001
8.803452e+002,9.878825e+001
8.813094e+002,9.880688e+001
8.822737e+002,9.881985e+001
8.832379e+002,9.882583e+001
8.842021e+002,9.882375e+001
8.851664e+002,9.881362e+001
8.861306e+002,9.879606e+001
8.870948e+002,9.877255e+001
8.880591e+002,9.874519e+001
8.890233e+002,9.871738e+001
8.899875e+002,9.869272e+001
8.909518e+002,9.867517e+001
8.919160e+002,9.866784e+001
8.928802e+002,9.867251e+001
8.938445e+002,9.868904e+001
8.948087e+002,9.871497e+001
8.957729e+002,9.874625e+001
8.967372e+002,9.877818e+001
8.977014e+002,9.880669e+001
8.986656e+002,9.882891e+001
8.996299e+002,9.884357e+001
9.005941e+002,9.885094e+001
9.015583e+002,9.885232e+001
9.025226e+002,9.884940e+001
9.034868e+002,9.884427e+001
9.044510e+002,9.883917e+001
9.054153e+002,9.883627e+001
9.063795e+002,9.883761e+001
9.073438e+002,9.884425e+001
9.083080e+002,9.885646e+001
9.092722e+002,9.887289e+001
9.102365e+002,9.889102e+001
9.112007e+002,9.890779e+001
9.121649e+002,9.892037e+001
9.131292e+002,9.892741e+001
9.140934e+002,9.892921e+001
9.150576e+002,9.892738e+001
9.160219e+002,9.892457e+001
9.169861e+002,9.892310e+001
9.179503e+002,9.892432e+001
9.189146e+002,9.892825e+001
9.198788e+002,9.893382e+001
9.208430e+002,9.893941e+001
9.218073e+002,9.894358e+001
9.227715e+002,9.894527e+001
9.237357e+002,9.894439e+001
9.247000e+002,9.894135e+001
9.256642e+002,9.893694e+001
9.266284e+002,9.893189e+001
9.275927e+002,9.892693e+001
9.285569e+002,9.892266e+001
9.295211e+002,9.891950e+001
9.304854e+002,9.891772e+001
9.314496e+002,9.891747e+001
9.324138e+002,9.891861e+001
9.333781e+002,9.892087e+001
9.343423e+002,9.892393e+001
9.353065e+002,9.892760e+001
9.362708e+002,9.893185e+001
9.372350e+002,9.893674e+001
9.381992e+002,9.894207e+001
9.391635e+002,9.894718e+001
9.401277e+002,9.895068e+001
9.410919e+002,9.895053e+001
9.420562e+002,9.894453e+001
9.430204e+002,9.893089e+001
9.439846e+002,9.890878e+001
9.449489e+002,9.887888e+001
9.459131e+002,9.884324e+001
9.468773e+002,9.880489e+001
9.478416e+002,9.876723e+001
9.488058e+002,9.873290e+001
9.497700e+002,9.870293e+001
9.507343e+002,9.867590e+001
9.516985e+002,9.864754e+001
9.526627e+002,9.861098e+001
9.536270e+002,9.855751e+001
9.545912e+002,9.847866e+001
9.555554e+002,9.836842e+001
9.565197e+002,9.822602e+001
9.574839e+002,9.805781e+001
9.584481e+002,9.787802e+001
9.594124e+002,9.770723e+001
9.603766e+002,9.756911e+001
9.613408e+002,9.748564e+001
9.623051e+002,9.747245e+001
9.632693e+002,9.753487e+001
9.642335e+002,9.766634e+001
9.651978e+002,9.784987e+001
9.661620e+002,9.806210e+001
9.671262e+002,9.827838e+001
9.680905e+002,9.847804e+001
9.690547e+002,9.864751e+001
9.700189e+002,9.878130e+001
9.709832e+002,9.888068e+001
9.719474e+002,9.895115e+001
9.729116e+002,9.899961e+001
9.738759e+002,9.903227e+001
9.748401e+002,9.905356e+001
9.758043e+002,9.906647e+001
9.767686e+002,9.907278e+001
9.777328e+002,9.907412e+001
9.786970e+002,9.907204e+001
9.796613e+002,9.906800e+001
9.806255e+002,9.906290e+001
9.815897e+002,9.905708e+001
9.825540e+002,9.905019e+001
9.835182e+002,9.904173e+001
9.844824e+002,9.903133e+001
9.854467e+002,9.901922e+001
9.864109e+002,9.900604e+001
9.873751e+002,9.899259e+001
9.883394e+002,9.897925e+001
9.893036e+002,9.896582e+001
9.902678e+002,9.895164e+001
9.912321e+002,9.893581e+001
9.921963e+002,9.891770e+001
9.931605e+002,9.889724e+001
9.941248e+002,9.887479e+001
9.950890e+002,9.885059e+001
9.960532e+002,9.882461e+001
9.970175e+002,9.879608e+001
9.979817e+002,9.876377e+001
9.989459e+002,9.872646e+001
9.999102e+002,9.868362e+001
1.000874e+003,9.863586e+001
1.001839e+003,9.858474e+001
1.002803e+003,9.853237e+001
1.003767e+003,9.848061e+001
1.004731e+003,9.843076e+001
1.005696e+003,9.838323e+001
1.006660e+003,9.833817e+001
1.007624e+003,9.829583e+001
1.008588e+003,9.825665e+001
1.009552e+003,9.822065e+001
1.010517e+003,9.818620e+001
1.011481e+003,9.814880e+001
1.012445e+003,9.810062e+001
1.013409e+003,9.803173e+001
1.014374e+003,9.793275e+001
1.015338e+003,9.779869e+001
1.016302e+003,9.763291e+001
1.017266e+003,9.744882e+001
1.018231e+003,9.726915e+001
1.019195e+003,9.712157e+001
1.020159e+003,9.703251e+001
1.021123e+003,9.702019e+001
1.022088e+003,9.708988e+001
1.023052e+003,9.723233e+001
1.024016e+003,9.742619e+001
1.024980e+003,9.764320e+001
1.025944e+003,9.785504e+001
1.026909e+003,9.803905e+001
1.027873e+003,9.818203e+001
1.028837e+003,9.828053e+001
1.029801e+003,9.833858e+001
1.030766e+003,9.836395e+001
1.031730e+003,9.836477e+001
1.032694e+003,9.834754e+001
1.033658e+003,9.831645e+001
1.034623e+003,9.827455e+001
1.035587e+003,9.822462e+001
1.036551e+003,9.816992e+001
1.037515e+003,9.811414e+001
1.038479e+003,9.806029e+001
1.039444e+003,9.800997e+001
1.040408e+003,9.796310e+001
1.041372e+003,9.791808e+001
1.042336e+003,9.787307e+001
1.043301e+003,9.782707e+001
1.044265e+003,9.778064e+001
1.045229e+003,9.773556e+001
1.046193e+003,9.769408e+001
1.047158e+003,9.765779e+001
1.048122e+003,9.762667e+001
1.049086e+003,9.759896e+001
1.050050e+003,9.757204e+001
1.051015e+003,9.754324e+001
1.051979e+003,9.751088e+001
1.052943e+003,9.747457e+001
1.053907e+003,9.743471e+001
1.054871e+003,9.739163e+001
1.055836e+003,9.734469e+001
1.056800e+003,9.729187e+001
1.057764e+003,9.723031e+001
1.058728e+003,9.715752e+001
1.059693e+003,9.707278e+001
1.060657e+003,9.697829e+001
1.061621e+003,9.687962e+001
1.062585e+003,9.678523e+001
1.063550e+003,9.670483e+001
1.064514e+003,9.664754e+001
1.065478e+003,9.661955e+001
1.066442e+003,9.662265e+001
1.067406e+003,9.665340e+001
1.068371e+003,9.670346e+001
1.069335e+003,9.676106e+001
1.070299e+003,9.681318e+001
1.071263e+003,9.684768e+001
1.072228e+003,9.685530e+001
1.073192e+003,9.683002e+001
1.074156e+003,9.676803e+001
1.075120e+003,9.666551e+001
1.076085e+003,9.651605e+001
1.077049e+003,9.630933e+001
1.078013e+003,9.603261e+001
1.078977e+003,9.567496e+001
1.079942e+003,9.523383e+001
1.080906e+003,9.472196e+001
1.081870e+003,9.417136e+001
1.082834e+003,9.363287e+001
1.083798e+003,9.316972e+001
1.084763e+003,9.284686e+001
1.085727e+003,9.271765e+001
1.086691e+003,9.281187e+001
1.087655e+003,9.312855e+001
1.088620e+003,9.363554e+001
1.089584e+003,9.427666e+001
1.090548e+003,9.498340e+001
1.091512e+003,9.568838e+001
1.092477e+003,9.633578e+001
1.093441e+003,9.688785e+001
1.094405e+003,9.732588e+001
1.095369e+003,9.764763e+001
1.096333e+003,9.786280e+001
1.097298e+003,9.798854e+001
1.098262e+003,9.804549e+001
1.099226e+003,9.805540e+001
1.100190e+003,9.803939e+001
1.101155e+003,9.801649e+001
1.102119e+003,9.800214e+001
1.103083e+003,9.800642e+001
1.104047e+003,9.803323e+001
1.105012e+003,9.808015e+001
1.105976e+003,9.814002e+001
1.106940e+003,9.820332e+001
1.107904e+003,9.826082e+001
1.108869e+003,9.830611e+001
1.109833e+003,9.833659e+001
1.110797e+003,9.835361e+001
1.111761e+003,9.836130e+001
1.112725e+003,9.836495e+001
1.113690e+003,9.836951e+001
1.114654e+003,9.837833e+001
1.115618e+003,9.839258e+001
1.116582e+003,9.841114e+001
1.117547e+003,9.843100e+001
1.118511e+003,9.844792e+001
1.119475e+003,9.845721e+001
1.120439e+003,9.845451e+001
1.121404e+003,9.843641e+001
1.122368e+003,9.840065e+001
1.123332e+003,9.834588e+001
1.124296e+003,9.827129e+001
1.125260e+003,9.817563e+001
1.126225e+003,9.805676e+001
1.127189e+003,9.791095e+001
1.128153e+003,9.773301e+001
1.129117e+003,9.751646e+001
1.130082e+003,9.725442e+001
1.131046e+003,9.694051e+001
1.132010e+003,9.657041e+001
1.132974e+003,9.614339e+001
1.133939e+003,9.566412e+001
1.134903e+003,9.514426e+001
1.135867e+003,9.460349e+001
1.136831e+003,9.406936e+001
1.137796e+003,9.357592e+001
1.138760e+003,9.316012e+001
1.139724e+003,9.285732e+001
1.140688e+003,9.269552e+001
1.141652e+003,9.269044e+001
1.142617e+003,9.284265e+001
1.143581e+003,9.313749e+001
1.144545e+003,9.354834e+001
1.145509e+003,9.404147e+001
1.146474e+003,9.458122e+001
1.147438e+003,9.513473e+001
1.148402e+003,9.567435e+001
1.149366e+003,9.617899e+001
1.150331e+003,9.663403e+001
1.151295e+003,9.703075e+001
1.152259e+003,9.736549e+001
1.153223e+003,9.763870e+001
1.154188e+003,9.785399e+001
1.155152e+003,9.801742e+001
1.156116e+003,9.813607e+001
1.157080e+003,9.821721e+001
1.158044e+003,9.826713e+001
1.159009e+003,9.829054e+001
1.159973e+003,9.829058e+001
1.160937e+003,9.826917e+001
1.161901e+003,9.822794e+001
1.162866e+003,9.816933e+001
1.163830e+003,9.809743e+001
1.164794e+003,9.801839e+001
1.165758e+003,9.794033e+001
1.166723e+003,9.787257e+001
1.167687e+003,9.782455e+001
1.168651e+003,9.780437e+001
1.169615e+003,9.781741e+001
1.170580e+003,9.786527e+001
1.171544e+003,9.794512e+001
1.172508e+003,9.805000e+001
1.173472e+003,9.816993e+001
1.174437e+003,9.829391e+001
1.175401e+003,9.841187e+001
1.176365e+003,9.851641e+001
1.177329e+003,9.860375e+001
1.178293e+003,9.867349e+001
1.179258e+003,9.872781e+001
1.180222e+003,9.877000e+001
1.181186e+003,9.880321e+001
1.182150e+003,9.882978e+001
1.183115e+003,9.885113e+001
1.184079e+003,9.886800e+001
1.185043e+003,9.888036e+001
1.186007e+003,9.889021e+001
1.186971e+003,9.889905e+001
1.187936e+003,9.890813e+001
1.188900e+003,9.891812e+001
1.189864e+003,9.892888e+001
1.190828e+003,9.893948e+001
1.191793e+003,9.894879e+001
1.192757e+003,9.895570e+001
1.193721e+003,9.895954e+001
1.194685e+003,9.895998e+001
1.195650e+003,9.895686e+001
1.196614e+003,9.894991e+001
1.197578e+003,9.893876e+001
1.198542e+003,9.892278e+001
1.199507e+003,9.890140e+001
1.200471e+003,9.887393e+001
1.201435e+003,9.883958e+001
1.202399e+003,9.879718e+001
1.203364e+003,9.874516e+001
1.204328e+003,9.868172e+001
1.205292e+003,9.860561e+001
1.206256e+003,9.851691e+001
1.207220e+003,9.841820e+001
1.208185e+003,9.831476e+001
1.209149e+003,9.821436e+001
1.210113e+003,9.812605e+001
1.211077e+003,9.805846e+001
1.212042e+003,9.801795e+001
1.213006e+003,9.800746e+001
1.213970e+003,9.802605e+001
1.214934e+003,9.806947e+001
1.215898e+003,9.813120e+001
1.216863e+003,9.820381e+001
1.217827e+003,9.828001e+001
1.218791e+003,9.835345e+001
1.219755e+003,9.841917e+001
1.220720e+003,9.847388e+001
1.221684e+003,9.851591e+001
1.222648e+003,9.854527e+001
1.223612e+003,9.856316e+001
1.224577e+003,9.857181e+001
1.225541e+003,9.857360e+001
1.226505e+003,9.857081e+001
1.227469e+003,9.856508e+001
1.228434e+003,9.855747e+001
1.229398e+003,9.854847e+001
1.230362e+003,9.853843e+001
1.231326e+003,9.852749e+001
1.232291e+003,9.851584e+001
1.233255e+003,9.850321e+001
1.234219e+003,9.848897e+001
1.235183e+003,9.847194e+001
1.236147e+003,9.845076e+001
1.237112e+003,9.842447e+001
1.238076e+003,9.839284e+001
1.239040e+003,9.835670e+001
1.240004e+003,9.831773e+001
1.240969e+003,9.827779e+001
1.241933e+003,9.823828e+001
1.242897e+003,9.819955e+001
1.243861e+003,9.816106e+001
1.244825e+003,9.812169e+001
1.245790e+003,9.808073e+001
1.246754e+003,9.803839e+001
1.247718e+003,9.799623e+001
1.248682e+003,9.795663e+001
1.249647e+003,9.792208e+001
1.250611e+003,9.789429e+001
1.251575e+003,9.787359e+001
1.252539e+003,9.785872e+001
1.253504e+003,9.784719e+001
1.254468e+003,9.783593e+001
1.255432e+003,9.782182e+001
1.256396e+003,9.780180e+001
1.257361e+003,9.777296e+001
1.258325e+003,9.773208e+001
1.259289e+003,9.767542e+001
1.260253e+003,9.759881e+001
1.261218e+003,9.749786e+001
1.262182e+003,9.736866e+001
1.263146e+003,9.720889e+001
1.264110e+003,9.701864e+001
1.265074e+003,9.680154e+001
1.266039e+003,9.656532e+001
1.267003e+003,9.632208e+001
1.267967e+003,9.608788e+001
1.268931e+003,9.588109e+001
1.269896e+003,9.572031e+001
1.270860e+003,9.562137e+001
1.271824e+003,9.559453e+001
1.272788e+003,9.564278e+001
1.273752e+003,9.576157e+001
1.274717e+003,9.594031e+001
1.275681e+003,9.616466e+001
1.276645e+003,9.641927e+001
1.277609e+003,9.668933e+001
1.278574e+003,9.696181e+001
1.279538e+003,9.722549e+001
1.280502e+003,9.747090e+001
1.281466e+003,9.769028e+001
1.282431e+003,9.787790e+001
1.283395e+003,9.803050e+001
1.284359e+003,9.814776e+001
1.285323e+003,9.823212e+001
1.286288e+003,9.828846e+001
1.287252e+003,9.832269e+001
1.288216e+003,9.834068e+001
1.289180e+003,9.834715e+001
1.290145e+003,9.834531e+001
1.291109e+003,9.833709e+001
1.292073e+003,9.832364e+001
1.293037e+003,9.830599e+001
1.294001e+003,9.828519e+001
1.294966e+003,9.826203e+001
1.295930e+003,9.823668e+001
1.296894e+003,9.820841e+001
1.297858e+003,9.817592e+001
1.298823e+003,9.813798e+001
1.299787e+003,9.809447e+001
1.300751e+003,9.804686e+001
1.301715e+003,9.799833e+001
1.302679e+003,9.795267e+001
1.303644e+003,9.791354e+001
1.304608e+003,9.788294e+001
1.305572e+003,9.786095e+001
1.306536e+003,9.784589e+001
1.307501e+003,9.783494e+001
1.308465e+003,9.782499e+001
1.309429e+003,9.781314e+001
1.310393e+003,9.779675e+001
1.311358e+003,9.777315e+001
1.312322e+003,9.773929e+001
1.313286e+003,9.769196e+001
1.314250e+003,9.762793e+001
1.315215e+003,9.754471e+001
1.316179e+003,9.744070e+001
1.317143e+003,9.731520e+001
1.318107e+003,9.716748e+001
1.319072e+003,9.699633e+001
1.320036e+003,9.679906e+001
1.321000e+003,9.657211e+001
1.321964e+003,9.631181e+001
1.322928e+003,9.601586e+001
1.323893e+003,9.568470e+001
1.324857e+003,9.532272e+001
1.325821e+003,9.493856e+001
1.326785e+003,9.454520e+001
1.327750e+003,9.415902e+001
1.328714e+003,9.379862e+001
1.329678e+003,9.348279e+001
1.330642e+003,9.322791e+001
1.331606e+003,9.304578e+001
1.332571e+003,9.294143e+001
1.333535e+003,9.291222e+001
1.334499e+003,9.294759e+001
1.335463e+003,9.302970e+001
1.336428e+003,9.313494e+001
1.337392e+003,9.323653e+001
1.338356e+003,9.330814e+001
1.339320e+003,9.332793e+001
1.340285e+003,9.328094e+001
1.341249e+003,9.315846e+001
1.342213e+003,9.295497e+001
1.343177e+003,9.266503e+001
1.344142e+003,9.228317e+001
1.345106e+003,9.180643e+001
1.346070e+003,9.123911e+001
1.347034e+003,9.059678e+001
1.347999e+003,8.990786e+001
1.348963e+003,8.921072e+001
1.349927e+003,8.854731e+001
1.350891e+003,8.795507e+001
1.351855e+003,8.746096e+001
1.352820e+003,8.707908e+001
1.353784e+003,8.681252e+001
1.354748e+003,8.665792e+001
1.355712e+003,8.661047e+001
1.356677e+003,8.666763e+001
1.357641e+003,8.683121e+001
1.358605e+003,8.710649e+001
1.359569e+003,8.749918e+001
1.360533e+003,8.800946e+001
1.361498e+003,8.862521e+001
1.362462e+003,8.931754e+001
1.363426e+003,9.004181e+001
1.364390e+003,9.074596e+001
1.365355e+003,9.138241e+001
1.366319e+003,9.191782e+001
1.367283e+003,9.233759e+001
1.368247e+003,9.264530e+001
1.369212e+003,9.285991e+001
1.370176e+003,9.301193e+001
1.371140e+003,9.313906e+001
1.372104e+003,9.327920e+001
1.373069e+003,9.346206e+001
1.374033e+003,9.370055e+001
1.374997e+003,9.398708e+001
1.375961e+003,9.429626e+001
1.376926e+003,9.459407e+001
1.377890e+003,9.484883e+001
1.378854e+003,9.503989e+001
1.379818e+003,9.516091e+001
1.380782e+003,9.521748e+001
1.381747e+003,9.522115e+001
1.382711e+003,9.518216e+001
1.383675e+003,9.510381e+001
1.384639e+003,9.498054e+001
1.385604e+003,9.480093e+001
1.386568e+003,9.455492e+001
1.387532e+003,9.424149e+001
1.388496e+003,9.387273e+001
1.389460e+003,9.347165e+001
1.390425e+003,9.306635e+001
1.391389e+003,9.268563e+001
1.392353e+003,9.235694e+001
1.393317e+003,9.210629e+001
1.394282e+003,9.195765e+001
1.395246e+003,9.192895e+001
1.396210e+003,9.202729e+001
1.397174e+003,9.224571e+001
1.398139e+003,9.256528e+001
1.399103e+003,9.296083e+001
1.400067e+003,9.340708e+001
1.401031e+003,9.388172e+001
1.401996e+003,9.436578e+001
1.402960e+003,9.484264e+001
1.403924e+003,9.529758e+001
1.404888e+003,9.571898e+001
1.405853e+003,9.609957e+001
1.406817e+003,9.643746e+001
1.407781e+003,9.673499e+001
1.408745e+003,9.699678e+001
1.409709e+003,9.722733e+001
1.410674e+003,9.742962e+001
1.411638e+003,9.760529e+001
1.412602e+003,9.775569e+001
1.413566e+003,9.788297e+001
1.414531e+003,9.799069e+001
1.415495e+003,9.808342e+001
1.416459e+003,9.816572e+001
1.417423e+003,9.824111e+001
1.418387e+003,9.831146e+001
1.419352e+003,9.837762e+001
1.420316e+003,9.844076e+001
1.421280e+003,9.850295e+001
1.422244e+003,9.856630e+001
1.423209e+003,9.863180e+001
1.424173e+003,9.869889e+001
1.425137e+003,9.876565e+001
1.426101e+003,9.882916e+001
1.427066e+003,9.888626e+001
1.428030e+003,9.893392e+001
1.428994e+003,9.897033e+001
1.429958e+003,9.899451e+001
1.430923e+003,9.900620e+001
1.431887e+003,9.900508e+001
1.432851e+003,9.899064e+001
1.433815e+003,9.896246e+001
1.434780e+003,9.892123e+001
1.435744e+003,9.886985e+001
1.436708e+003,9.881370e+001
1.437672e+003,9.875912e+001
1.438636e+003,9.871089e+001
1.439601e+003,9.867003e+001
1.440565e+003,9.863392e+001
1.441529e+003,9.859833e+001
1.442493e+003,9.855991e+001
1.443458e+003,9.851797e+001
1.444422e+003,9.847536e+001
1.445386e+003,9.843774e+001
1.446350e+003,9.841199e+001
1.447314e+003,9.840381e+001
1.448279e+003,9.841508e+001
1.449243e+003,9.844359e+001
1.450207e+003,9.848389e+001
1.451171e+003,9.852983e+001
1.452136e+003,9.857658e+001
1.453100e+003,9.862192e+001
1.454064e+003,9.866622e+001
1.455028e+003,9.871052e+001
1.455993e+003,9.875356e+001
1.456957e+003,9.879099e+001
1.457921e+003,9.881956e+001
1.458885e+003,9.884119e+001
1.459850e+003,9.886084e+001
1.460814e+003,9.888200e+001
1.461778e+003,9.890517e+001
1.462742e+003,9.892928e+001
1.463707e+003,9.895296e+001
1.464671e+003,9.897503e+001
1.465635e+003,9.899474e+001
1.466599e+003,9.901167e+001
1.467563e+003,9.902567e+001
1.468528e+003,9.903652e+001
1.469492e+003,9.904367e+001
1.470456e+003,9.904565e+001
1.471420e+003,9.904001e+001
1.472385e+003,9.902321e+001
1.473349e+003,9.899323e+001
1.474313e+003,9.895340e+001
1.475277e+003,9.891341e+001
1.476241e+003,9.888438e+001
1.477206e+003,9.887262e+001
1.478170e+003,9.887813e+001
1.479134e+003,9.889667e+001
1.480098e+003,9.892297e+001
1.481063e+003,9.895244e+001
1.482027e+003,9.898212e+001
1.482991e+003,9.901111e+001
1.483955e+003,9.904019e+001
1.484920e+003,9.907140e+001
1.485884e+003,9.910664e+001
1.486848e+003,9.914581e+001
1.487812e+003,9.918539e+001
1.488777e+003,9.921948e+001
1.489741e+003,9.924358e+001
1.490705e+003,9.925821e+001
1.491669e+003,9.926740e+001
1.492634e+003,9.927397e+001
1.493598e+003,9.927624e+001
1.494562e+003,9.926833e+001
1.495526e+003,9.924281e+001
1.496490e+003,9.919370e+001
1.497455e+003,9.911954e+001
1.498419e+003,9.902520e+001
1.499383e+003,9.892029e+001
1.500347e+003,9.881500e+001
1.501312e+003,9.871632e+001
1.502276e+003,9.862833e+001
1.503240e+003,9.855615e+001
1.504204e+003,9.851070e+001
1.505168e+003,9.850772e+001
1.506133e+003,9.855637e+001
1.507097e+003,9.864625e+001
1.508061e+003,9.875209e+001
1.509025e+003,9.885322e+001
1.509990e+003,9.894236e+001
1.510954e+003,9.901917e+001
1.511918e+003,9.908456e+001
1.512882e+003,9.913975e+001
1.513847e+003,9.918704e+001
1.514811e+003,9.922971e+001
1.515775e+003,9.927133e+001
1.516739e+003,9.931443e+001
1.517704e+003,9.935960e+001
1.518668e+003,9.940475e+001
1.519632e+003,9.944564e+001
1.520596e+003,9.947719e+001
1.521561e+003,9.949596e+001
1.522525e+003,9.950175e+001
1.523489e+003,9.949778e+001
1.524453e+003,9.948846e+001
1.525417e+003,9.947728e+001
1.526382e+003,9.946568e+001
1.527346e+003,9.945356e+001
1.528310e+003,9.944040e+001
1.529274e+003,9.942641e+001
1.530239e+003,9.941319e+001
1.531203e+003,9.940350e+001
1.532167e+003,9.940054e+001
1.533131e+003,9.940650e+001
1.534095e+003,9.942164e+001
1.535060e+003,9.944421e+001
1.536024e+003,9.947125e+001
1.536988e+003,9.950012e+001
1.537952e+003,9.952930e+001
1.538917e+003,9.955661e+001
1.539881e+003,9.957464e+001
1.540845e+003,9.956993e+001
1.541809e+003,9.953197e+001
1.542774e+003,9.946516e+001
1.543738e+003,9.938623e+001
1.544702e+003,9.931073e+001
1.545666e+003,9.924505e+001
1.546631e+003,9.918819e+001
1.547595e+003,9.913686e+001
1.548559e+003,9.908846e+001
1.549523e+003,9.904224e+001
1.550488e+003,9.899925e+001
1.551452e+003,9.896122e+001
1.552416e+003,9.893006e+001
1.553380e+003,9.890716e+001
1.554344e+003,9.889410e+001
1.555309e+003,9.889371e+001
1.556273e+003,9.890974e+001
1.557237e+003,9.894221e+001
1.558201e+003,9.898425e+001
1.559166e+003,9.902795e+001
1.560130e+003,9.907370e+001
1.561094e+003,9.912428e+001
1.562058e+003,9.917483e+001
1.563023e+003,9.921633e+001
1.563987e+003,9.924313e+001
1.564951e+003,9.925495e+001
1.565915e+003,9.925462e+001
1.566880e+003,9.924617e+001
1.567844e+003,9.923431e+001
1.568808e+003,9.922430e+001
1.569772e+003,9.922096e+001
1.570736e+003,9.922705e+001
1.571701e+003,9.924179e+001
1.572665e+003,9.926124e+001
1.573629e+003,9.927925e+001
1.574593e+003,9.928978e+001
1.575558e+003,9.928884e+001
1.576522e+003,9.927626e+001
1.577486e+003,9.925555e+001
1.578450e+003,9.923219e+001
1.579415e+003,9.921086e+001
1.580379e+003,9.919414e+001
1.581343e+003,9.918262e+001
1.582307e+003,9.917561e+001
1.583271e+003,9.917183e+001
1.584236e+003,9.916991e+001
1.585200e+003,9.916853e+001
1.586164e+003,9.916663e+001
1.587128e+003,9.916345e+001
1.588093e+003,9.915831e+001
1.589057e+003,9.915065e+001
1.590021e+003,9.914008e+001
1.590985e+003,9.912640e+001
1.591950e+003,9.910964e+001
1.592914e+003,9.909006e+001
1.593878e+003,9.906808e+001
1.594842e+003,9.904435e+001
1.595807e+003,9.901934e+001
1.596771e+003,9.899356e+001
1.597735e+003,9.896696e+001
1.598699e+003,9.893892e+001
1.599663e+003,9.890781e+001
1.600628e+003,9.887103e+001
1.601592e+003,9.882539e+001
1.602556e+003,9.876806e+001
1.603520e+003,9.869805e+001
1.604485e+003,9.861752e+001
1.605449e+003,9.853243e+001
1.606413e+003,9.845239e+001
1.607377e+003,9.838838e+001
1.608342e+003,9.835004e+001
1.609306e+003,9.834328e+001
1.610270e+003,9.836920e+001
1.611234e+003,9.842461e+001
1.612198e+003,9.850307e+001
1.613163e+003,9.859602e+001
1.614127e+003,9.869373e+001
1.615091e+003,9.878634e+001
1.616055e+003,9.886536e+001
1.617020e+003,9.892549e+001
1.617984e+003,9.896580e+001
1.618948e+003,9.898922e+001
1.619912e+003,9.900108e+001
1.620877e+003,9.900694e+001
1.621841e+003,9.901118e+001
1.622805e+003,9.901634e+001
1.623769e+003,9.902312e+001
1.624734e+003,9.903108e+001
1.625698e+003,9.903957e+001
1.626662e+003,9.904825e+001
1.627626e+003,9.905712e+001
1.628590e+003,9.906609e+001
1.629555e+003,9.907462e+001
1.630519e+003,9.908170e+001
1.631483e+003,9.908656e+001
1.632447e+003,9.908909e+001
1.633412e+003,9.909010e+001
1.634376e+003,9.908988e+001
1.635340e+003,9.908732e+001
1.636304e+003,9.908110e+001
1.637269e+003,9.907288e+001
1.638233e+003,9.906700e+001
1.639197e+003,9.906609e+001
1.640161e+003,9.906847e+001
1.641125e+003,9.906989e+001
1.642090e+003,9.906604e+001
1.643054e+003,9.905487e+001
1.644018e+003,9.903742e+001
1.644982e+003,9.901701e+001
1.645947e+003,9.899715e+001
1.646911e+003,9.897993e+001
1.647875e+003,9.896586e+001
1.648839e+003,9.895439e+001
1.649804e+003,9.894405e+001
1.650768e+003,9.893325e+001
1.651732e+003,9.892147e+001
1.652696e+003,9.891088e+001
1.653661e+003,9.890575e+001
1.654625e+003,9.890909e+001
1.655589e+003,9.891904e+001
1.656553e+003,9.893043e+001
1.657517e+003,9.893900e+001
1.658482e+003,9.894367e+001
1.659446e+003,9.894530e+001
1.660410e+003,9.894505e+001
1.661374e+003,9.894366e+001
1.662339e+003,9.894193e+001
1.663303e+003,9.894083e+001
1.664267e+003,9.894164e+001
1.665231e+003,9.894532e+001
1.666196e+003,9.895226e+001
1.667160e+003,9.896195e+001
1.668124e+003,9.897285e+001
1.669088e+003,9.898248e+001
1.670052e+003,9.898789e+001
1.671017e+003,9.898726e+001
1.671981e+003,9.898175e+001
1.672945e+003,9.897566e+001
1.673909e+003,9.897452e+001
1.674874e+003,9.898225e+001
1.675838e+003,9.899937e+001
1.676802e+003,9.902359e+001
1.677766e+003,9.905137e+001
1.678731e+003,9.907953e+001
1.679695e+003,9.910599e+001
1.680659e+003,9.912929e+001
1.681623e+003,9.914822e+001
1.682588e+003,9.916085e+001
1.683552e+003,9.916492e+001
1.684516e+003,9.915966e+001
1.685480e+003,9.914807e+001
1.686444e+003,9.913566e+001
1.687409e+003,9.912654e+001
1.688373e+003,9.912197e+001
1.689337e+003,9.912217e+001
1.690301e+003,9.912747e+001
1.691266e+003,9.913800e+001
1.692230e+003,9.915259e+001
1.693194e+003,9.916879e+001
1.694158e+003,9.918317e+001
1.695123e+003,9.919168e+001
1.696087e+003,9.918988e+001
1.697051e+003,9.917376e+001
1.698015e+003,9.914201e+001
1.698979e+003,9.909895e+001
1.699944e+003,9.905481e+001
1.700908e+003,9.902126e+001
1.701872e+003,9.900487e+001
1.702836e+003,9.900410e+001
1.703801e+003,9.901213e+001
1.704765e+003,9.902176e+001
1.705729e+003,9.902886e+001
1.706693e+003,9.903302e+001
1.707658e+003,9.903642e+001
1.708622e+003,9.904200e+001
1.709586e+003,9.905180e+001
1.710550e+003,9.906628e+001
1.711515e+003,9.908453e+001
1.712479e+003,9.910471e+001
1.713443e+003,9.912399e+001
1.714407e+003,9.913801e+001
1.715371e+003,9.914072e+001
1.716336e+003,9.912669e+001
1.717300e+003,9.909651e+001
1.718264e+003,9.905970e+001
1.719228e+003,9.902876e+001
1.720193e+003,9.901067e+001
1.721157e+003,9.900507e+001
1.722121e+003,9.900793e+001
1.723085e+003,9.901541e+001
1.724050e+003,9.902499e+001
1.725014e+003,9.903589e+001
1.725978e+003,9.904830e+001
1.726942e+003,9.906310e+001
1.727906e+003,9.908118e+001
1.728871e+003,9.910262e+001
1.729835e+003,9.912617e+001
1.730799e+003,9.914860e+001
1.731763e+003,9.916512e+001
1.732728e+003,9.917110e+001
1.733692e+003,9.916478e+001
1.734656e+003,9.914888e+001
1.735620e+003,9.912898e+001
1.736585e+003,9.911040e+001
1.737549e+003,9.909618e+001
1.738513e+003,9.908769e+001
1.739477e+003,9.908519e+001
1.740442e+003,9.908815e+001
1.741406e+003,9.909541e+001
1.742370e+003,9.910516e+001
1.743334e+003,9.911541e+001
1.744298e+003,9.912413e+001
1.745263e+003,9.912950e+001
1.746227e+003,9.912961e+001
1.747191e+003,9.912241e+001
1.748155e+003,9.910638e+001
1.749120e+003,9.908170e+001
1.750084e+003,9.905145e+001
1.751048e+003,9.902099e+001
1.752012e+003,9.899549e+001
1.752977e+003,9.897754e+001
1.753941e+003,9.896672e+001
1.754905e+003,9.896085e+001
1.755869e+003,9.895747e+001
1.756833e+003,9.895473e+001
1.757798e+003,9.895138e+001
1.758762e+003,9.894677e+001
1.759726e+003,9.894076e+001
1.760690e+003,9.893394e+001
1.761655e+003,9.892741e+001
1.762619e+003,9.892251e+001
1.763583e+003,9.892004e+001
1.764547e+003,9.892024e+001
1.765512e+003,9.892273e+001
1.766476e+003,9.892702e+001
1.767440e+003,9.893272e+001
1.768404e+003,9.893941e+001
1.769369e+003,9.894605e+001
1.770333e+003,9.895063e+001
1.771297e+003,9.895085e+001
1.772261e+003,9.894577e+001
1.773225e+003,9.893699e+001
1.774190e+003,9.892770e+001
1.775154e+003,9.892040e+001
1.776118e+003,9.891566e+001
1.777082e+003,9.891247e+001
1.778047e+003,9.890942e+001
1.779011e+003,9.890539e+001
1.779975e+003,9.889978e+001
1.780939e+003,9.889265e+001
1.781904e+003,9.888454e+001
1.782868e+003,9.887653e+001
1.783832e+003,9.886945e+001
1.784796e+003,9.886386e+001
1.785760e+003,9.885947e+001
1.786725e+003,9.885577e+001
1.787689e+003,9.885244e+001
1.788653e+003,9.884962e+001
1.789617e+003,9.884773e+001
1.790582e+003,9.884713e+001
1.791546e+003,9.884756e+001
1.792510e+003,9.884846e+001
1.793474e+003,9.884937e+001
1.794439e+003,9.884975e+001
1.795403e+003,9.884900e+001
1.796367e+003,9.884593e+001
1.797331e+003,9.883965e+001
1.798296e+003,9.882990e+001
1.799260e+003,9.881756e+001
1.800224e+003,9.880449e+001
1.801188e+003,9.879323e+001
1.802152e+003,9.878608e+001
1.803117e+003,9.878436e+001
1.804081e+003,9.878790e+001
1.805045e+003,9.879501e+001
1.806009e+003,9.880346e+001
1.806974e+003,9.881113e+001
1.807938e+003,9.881653e+001
1.808902e+003,9.881879e+001
1.809866e+003,9.881746e+001
1.810831e+003,9.881269e+001
1.811795e+003,9.880501e+001
1.812759e+003,9.879553e+001
1.813723e+003,9.878552e+001
1.814688e+003,9.877620e+001
1.815652e+003,9.876820e+001
1.816616e+003,9.876197e+001
1.817580e+003,9.875737e+001
1.818544e+003,9.875405e+001
1.819509e+003,9.875146e+001
1.820473e+003,9.874893e+001
1.821437e+003,9.874615e+001
1.822401e+003,9.874320e+001
1.823366e+003,9.874062e+001
1.824330e+003,9.873906e+001
1.825294e+003,9.873879e+001
1.826258e+003,9.873947e+001
1.827223e+003,9.874000e+001
1.828187e+003,9.873933e+001
1.829151e+003,9.873718e+001
1.830115e+003,9.873447e+001
1.831079e+003,9.873276e+001
1.832044e+003,9.873356e+001
1.833008e+003,9.873762e+001
1.833972e+003,9.874452e+001
1.834936e+003,9.875312e+001
1.835901e+003,9.876187e+001
1.836865e+003,9.876926e+001
1.837829e+003,9.877448e+001
1.838793e+003,9.877711e+001
1.839758e+003,9.877760e+001
1.840722e+003,9.877655e+001
1.841686e+003,9.877488e+001
1.842650e+003,9.877286e+001
1.843615e+003,9.877026e+001
1.844579e+003,9.876657e+001
1.845543e+003,9.876164e+001
1.846507e+003,9.875619e+001
1.847471e+003,9.875114e+001
1.848436e+003,9.874727e+001
1.849400e+003,9.874463e+001
1.850364e+003,9.874290e+001
1.851328e+003,9.874157e+001
1.852293e+003,9.874033e+001
1.853257e+003,9.873922e+001
1.854221e+003,9.873844e+001
1.855185e+003,9.873821e+001
1.856150e+003,9.873862e+001
1.857114e+003,9.873946e+001
1.858078e+003,9.874052e+001
1.859042e+003,9.874174e+001
1.860006e+003,9.874319e+001
1.860971e+003,9.874527e+001
1.861935e+003,9.874837e+001
1.862899e+003,9.875278e+001
1.863863e+003,9.875833e+001
1.864828e+003,9.876433e+001
1.865792e+003,9.876915e+001
1.866756e+003,9.877045e+001
1.867720e+003,9.876583e+001
1.868685e+003,9.875449e+001
1.869649e+003,9.873825e+001
1.870613e+003,9.872093e+001
1.871577e+003,9.870667e+001
1.872542e+003,9.869757e+001
1.873506e+003,9.869331e+001
1.874470e+003,9.869215e+001
1.875434e+003,9.869193e+001
1.876398e+003,9.869135e+001
1.877363e+003,9.868999e+001
1.878327e+003,9.868816e+001
1.879291e+003,9.868648e+001
1.880255e+003,9.868540e+001
1.881220e+003,9.868501e+001
1.882184e+003,9.868496e+001
1.883148e+003,9.868473e+001
1.884112e+003,9.868382e+001
1.885077e+003,9.868219e+001
1.886041e+003,9.868002e+001
1.887005e+003,9.867763e+001
1.887969e+003,9.867545e+001
1.888933e+003,9.867354e+001
1.889898e+003,9.867179e+001
1.890862e+003,9.866996e+001
1.891826e+003,9.866779e+001
1.892790e+003,9.866522e+001
1.893755e+003,9.866212e+001
1.894719e+003,9.865846e+001
1.895683e+003,9.865417e+001
1.896647e+003,9.864926e+001
1.897612e+003,9.864377e+001
1.898576e+003,9.863798e+001
1.899540e+003,9.863250e+001
1.900504e+003,9.862805e+001
1.901469e+003,9.862543e+001
1.902433e+003,9.862489e+001
1.903397e+003,9.862635e+001
1.904361e+003,9.862913e+001
1.905325e+003,9.863208e+001
1.906290e+003,9.863416e+001
1.907254e+003,9.863435e+001
1.908218e+003,9.863213e+001
1.909182e+003,9.862753e+001
1.910147e+003,9.862103e+001
1.911111e+003,9.861330e+001
1.912075e+003,9.860492e+001
1.913039e+003,9.859641e+001
1.914004e+003,9.858824e+001
1.914968e+003,9.858105e+001
1.915932e+003,9.857558e+001
1.916896e+003,9.857237e+001
1.917860e+003,9.857157e+001
1.918825e+003,9.857261e+001
1.919789e+003,9.857414e+001
1.920753e+003,9.857463e+001
1.921717e+003,9.857268e+001
1.922682e+003,9.856758e+001
1.923646e+003,9.855948e+001
1.924610e+003,9.854929e+001
1.925574e+003,9.853819e+001
1.926539e+003,9.852740e+001
1.927503e+003,9.851762e+001
1.928467e+003,9.850900e+001
1.929431e+003,9.850111e+001
1.930396e+003,9.849358e+001
1.931360e+003,9.848594e+001
1.932324e+003,9.847814e+001
1.933288e+003,9.847037e+001
1.934252e+003,9.846302e+001
1.935217e+003,9.845652e+001
1.936181e+003,9.845125e+001
1.937145e+003,9.844747e+001
1.938109e+003,9.844547e+001
1.939074e+003,9.844547e+001
1.940038e+003,9.844749e+001
1.941002e+003,9.845125e+001
1.941966e+003,9.845612e+001
1.942931e+003,9.846131e+001
1.943895e+003,9.846615e+001
1.944859e+003,9.847038e+001
1.945823e+003,9.847412e+001
1.946787e+003,9.847766e+001
1.947752e+003,9.848124e+001
1.948716e+003,9.848503e+001
1.949680e+003,9.848905e+001
1.950644e+003,9.849302e+001
1.951609e+003,9.849677e+001
1.952573e+003,9.849992e+001
1.953537e+003,9.850224e+001
1.954501e+003,9.850372e+001
1.955466e+003,9.850439e+001
1.956430e+003,9.850452e+001
1.957394e+003,9.850449e+001
1.958358e+003,9.850457e+001
1.959323e+003,9.850511e+001
1.960287e+003,9.850630e+001
1.961251e+003,9.850826e+001
1.962215e+003,9.851095e+001
1.963179e+003,9.851414e+001
1.964144e+003,9.851726e+001
1.965108e+003,9.851959e+001
1.966072e+003,9.852029e+001
1.967036e+003,9.851884e+001
1.968001e+003,9.851518e+001
1.968965e+003,9.850986e+001
1.969929e+003,9.850395e+001
1.970893e+003,9.849846e+001
1.971858e+003,9.849428e+001
1.972822e+003,9.849171e+001
1.973786e+003,9.849055e+001
1.974750e+003,9.849030e+001
1.975714e+003,9.849023e+001
1.976679e+003,9.848990e+001
1.977643e+003,9.848909e+001
1.978607e+003,9.848792e+001
1.979571e+003,9.848664e+001
1.980536e+003,9.848565e+001
1.981500e+003,9.848518e+001
1.982464e+003,9.848529e+001
1.983428e+003,9.848602e+001
1.984393e+003,9.848731e+001
1.985357e+003,9.848908e+001
1.986321e+003,9.849126e+001
1.987285e+003,9.849358e+001
1.988250e+003,9.849566e+001
1.989214e+003,9.849690e+001
1.990178e+003,9.849670e+001
1.991142e+003,9.849463e+001
1.992106e+003,9.849071e+001
1.993071e+003,9.848559e+001
1.994035e+003,9.848016e+001
1.994999e+003,9.847527e+001
1.995963e+003,9.847146e+001
1.996928e+003,9.846884e+001
1.997892e+003,9.846707e+001
1.998856e+003,9.846577e+001
1.999820e+003,9.846455e+001
2.000785e+003,9.846342e+001
2.001749e+003,9.846242e+001
2.002713e+003,9.846178e+001
2.003677e+003,9.846155e+001
2.004641e+003,9.846162e+001
2.005606e+003,9.846169e+001
2.006570e+003,9.846145e+001
2.007534e+003,9.846072e+001
2.008498e+003,9.845966e+001
2.009463e+003,9.845863e+001
2.010427e+003,9.845818e+001
2.011391e+003,9.845866e+001
2.012355e+003,9.846016e+001
2.013320e+003,9.846234e+001
2.014284e+003,9.846459e+001
2.015248e+003,9.846624e+001
2.016212e+003,9.846656e+001
2.017177e+003,9.846528e+001
2.018141e+003,9.846244e+001
2.019105e+003,9.845836e+001
2.020069e+003,9.845361e+001
2.021033e+003,9.844874e+001
2.021998e+003,9.844408e+001
2.022962e+003,9.843991e+001
2.023926e+003,9.843642e+001
2.024890e+003,9.843365e+001
2.025855e+003,9.843147e+001
2.026819e+003,9.842970e+001
2.027783e+003,9.842809e+001
2.028747e+003,9.842635e+001
2.029712e+003,9.842422e+001
2.030676e+003,9.842177e+001
2.031640e+003,9.841910e+001
2.032604e+003,9.841659e+001
2.033568e+003,9.841448e+001
2.034533e+003,9.841306e+001
2.035497e+003,9.841227e+001
2.036461e+003,9.841202e+001
2.037425e+003,9.841192e+001
2.038390e+003,9.841167e+001
2.039354e+003,9.841106e+001
2.040318e+003,9.840994e+001
2.041282e+003,9.840830e+001
2.042247e+003,9.840613e+001
2.043211e+003,9.840348e+001
2.044175e+003,9.840050e+001
2.045139e+003,9.839725e+001
2.046104e+003,9.839388e+001
2.047068e+003,9.839069e+001
2.048032e+003,9.838778e+001
2.048996e+003,9.838532e+001
2.049960e+003,9.838329e+001
2.050925e+003,9.838155e+001
2.051889e+003,9.837986e+001
2.052853e+003,9.837809e+001
2.053817e+003,9.837614e+001
2.054782e+003,9.837421e+001
2.055746e+003,9.837248e+001
2.056710e+003,9.837119e+001
2.057674e+003,9.837047e+001
2.058639e+003,9.837022e+001
2.059603e+003,9.837025e+001
2.060567e+003,9.837024e+001
2.061531e+003,9.836992e+001
2.062496e+003,9.836918e+001
2.063460e+003,9.836787e+001
2.064424e+003,9.836601e+001
2.065388e+003,9.836363e+001
2.066353e+003,9.836071e+001
2.067317e+003,9.835732e+001
2.068281e+003,9.835357e+001
2.069245e+003,9.834973e+001
2.070209e+003,9.834607e+001
2.071174e+003,9.834286e+001
2.072138e+003,9.834023e+001
2.073102e+003,9.833815e+001
2.074066e+003,9.833634e+001
2.075031e+003,9.833447e+001
2.075995e+003,9.833232e+001
2.076959e+003,9.832986e+001
2.077923e+003,9.832714e+001
2.078887e+003,9.832452e+001
2.079852e+003,9.832217e+001
2.080816e+003,9.832025e+001
2.081780e+003,9.831872e+001
2.082744e+003,9.831740e+001
2.083708e+003,9.831612e+001
2.084673e+003,9.831469e+001
2.085637e+003,9.831318e+001
2.086601e+003,9.831164e+001
2.087565e+003,9.831008e+001
2.088530e+003,9.830839e+001
2.089494e+003,9.830632e+001
2.090458e+003,9.830363e+001
2.091422e+003,9.830027e+001
2.092387e+003,9.829626e+001
2.093351e+003,9.829203e+001
2.094315e+003,9.828793e+001
2.095279e+003,9.828430e+001
2.096244e+003,9.828130e+001
2.097208e+003,9.827879e+001
2.098172e+003,9.827657e+001
2.099136e+003,9.827402e+001
2.100101e+003,9.827155e+001
2.101065e+003,9.826929e+001
2.102029e+003,9.826727e+001
2.102993e+003,9.826558e+001
2.103958e+003,9.826419e+001
2.104922e+003,9.826299e+001
2.105886e+003,9.826183e+001
2.106850e+003,9.826059e+001
2.107814e+003,9.825934e+001
2.108779e+003,9.825830e+001
2.109743e+003,9.825757e+001
2.110707e+003,9.825717e+001
2.111671e+003,9.825704e+001
2.112636e+003,9.825684e+001
2.113600e+003,9.825614e+001
2.114564e+003,9.825472e+001
2.115528e+003,9.825242e+001
2.116493e+003,9.824942e+001
2.117457e+003,9.824599e+001
2.118421e+003,9.824248e+001
2.119385e+003,9.823911e+001
2.120350e+003,9.823598e+001
2.121314e+003,9.823310e+001
2.122278e+003,9.823045e+001
2.123242e+003,9.822798e+001
2.124207e+003,9.822571e+001
2.125171e+003,9.822369e+001
2.126135e+003,9.822186e+001
2.127099e+003,9.822020e+001
2.128063e+003,9.821854e+001
2.129028e+003,9.821684e+001
2.129992e+003,9.821507e+001
2.130956e+003,9.821341e+001
2.131920e+003,9.821204e+001
2.132885e+003,9.821107e+001
2.133849e+003,9.821043e+001
2.134813e+003,9.820988e+001
2.135777e+003,9.820896e+001
2.136741e+003,9.820725e+001
2.137706e+003,9.820459e+001
2.138670e+003,9.820104e+001
2.139634e+003,9.819698e+001
2.140598e+003,9.819298e+001
2.141563e+003,9.818937e+001
2.142527e+003,9.818642e+001
2.143491e+003,9.818395e+001
2.144455e+003,9.818169e+001
2.145419e+003,9.817934e+001
2.146384e+003,9.817671e+001
2.147348e+003,9.817385e+001
2.148312e+003,9.817094e+001
2.149276e+003,9.816814e+001
2.150241e+003,9.816550e+001
2.151205e+003,9.816290e+001
2.152169e+003,9.816019e+001
2.153133e+003,9.815714e+001
2.154098e+003,9.815386e+001
2.155062e+003,9.815060e+001
2.156026e+003,9.814766e+001
2.156990e+003,9.814529e+001
2.157955e+003,9.814345e+001
2.158919e+003,9.814182e+001
2.159883e+003,9.814005e+001
2.160847e+003,9.813768e+001
2.161812e+003,9.813460e+001
2.162776e+003,9.813089e+001
2.163740e+003,9.812688e+001
2.164704e+003,9.812272e+001
2.165668e+003,9.811851e+001
2.166633e+003,9.811400e+001
2.167597e+003,9.810886e+001
2.168561e+003,9.810265e+001
2.169525e+003,9.809539e+001
2.170490e+003,9.808733e+001
2.171454e+003,9.807912e+001
2.172418e+003,9.807152e+001
2.173382e+003,9.806517e+001
2.174347e+003,9.806059e+001
2.175311e+003,9.805782e+001
2.176275e+003,9.805670e+001
2.177239e+003,9.805703e+001
2.178204e+003,9.805848e+001
2.179168e+003,9.806064e+001
2.180132e+003,9.806303e+001
2.181096e+003,9.806515e+001
2.182061e+003,9.806629e+001
2.183025e+003,9.806607e+001
2.183989e+003,9.806425e+001
2.184953e+003,9.806111e+001
2.185917e+003,9.805727e+001
2.186882e+003,9.805338e+001
2.187846e+003,9.804986e+001
2.188810e+003,9.804681e+001
2.189774e+003,9.804395e+001
2.190739e+003,9.804068e+001
2.191703e+003,9.803650e+001
2.192667e+003,9.803130e+001
2.193631e+003,9.802530e+001
2.194595e+003,9.801900e+001
2.195560e+003,9.801282e+001
2.196524e+003,9.800696e+001
2.197488e+003,9.800118e+001
2.198452e+003,9.799512e+001
2.199417e+003,9.798849e+001
2.200381e+003,9.798132e+001
2.201345e+003,9.797401e+001
2.202309e+003,9.796704e+001
2.203273e+003,9.796067e+001
2.204238e+003,9.795469e+001
2.205202e+003,9.794843e+001
2.206166e+003,9.794100e+001
2.207130e+003,9.793163e+001
2.208095e+003,9.792011e+001
2.209059e+003,9.790663e+001
2.210023e+003,9.789156e+001
2.210987e+003,9.787491e+001
2.211952e+003,9.785607e+001
2.212916e+003,9.783347e+001
2.213880e+003,9.780495e+001
2.214844e+003,9.776779e+001
2.215809e+003,9.771868e+001
2.216773e+003,9.765334e+001
2.217737e+003,9.756574e+001
2.218701e+003,9.744796e+001
2.219666e+003,9.729107e+001
2.220630e+003,9.708735e+001
2.221594e+003,9.683413e+001
2.222558e+003,9.653783e+001
2.223522e+003,9.621673e+001
2.224487e+003,9.590128e+001
2.225451e+003,9.563034e+001
2.226415e+003,9.544450e+001
2.227379e+003,9.537679e+001
2.228344e+003,9.544468e+001
2.229308e+003,9.564507e+001
2.230272e+003,9.595434e+001
2.231236e+003,9.633375e+001
2.232201e+003,9.673708e+001
2.233165e+003,9.712098e+001
2.234129e+003,9.745248e+001
2.235093e+003,9.771359e+001
2.236058e+003,9.790091e+001
2.237022e+003,9.802296e+001
2.237986e+003,9.809419e+001
2.238950e+003,9.813043e+001
2.239915e+003,9.814491e+001
2.240879e+003,9.814706e+001
2.241843e+003,9.814248e+001
2.242807e+003,9.813440e+001
2.243771e+003,9.812465e+001
2.244736e+003,9.811449e+001
2.245700e+003,9.810484e+001
2.246664e+003,9.809610e+001
2.247628e+003,9.808827e+001
2.248593e+003,9.808089e+001
2.249557e+003,9.807369e+001
2.250521e+003,9.806657e+001
2.251485e+003,9.805999e+001
2.252449e+003,9.805458e+001
2.253414e+003,9.805090e+001
2.254378e+003,9.804900e+001
2.255342e+003,9.804838e+001
2.256306e+003,9.804828e+001
2.257271e+003,9.804798e+001
2.258235e+003,9.804704e+001
2.259199e+003,9.804553e+001
2.260163e+003,9.804390e+001
2.261127e+003,9.804250e+001
2.262092e+003,9.804137e+001
2.263056e+003,9.804032e+001
2.264020e+003,9.803887e+001
2.264984e+003,9.803662e+001
2.265949e+003,9.803352e+001
2.266913e+003,9.802986e+001
2.267877e+003,9.802621e+001
2.268841e+003,9.802299e+001
2.269806e+003,9.802044e+001
2.270770e+003,9.801833e+001
2.271734e+003,9.801631e+001
2.272698e+003,9.801395e+001
2.273663e+003,9.801117e+001
2.274627e+003,9.800807e+001
2.275591e+003,9.800503e+001
2.276555e+003,9.800229e+001
2.277520e+003,9.799998e+001
2.278484e+003,9.799787e+001
2.279448e+003,9.799561e+001
2.280412e+003,9.799280e+001
2.281376e+003,9.798943e+001
2.282341e+003,9.798562e+001
2.283305e+003,9.798177e+001
2.284269e+003,9.797824e+001
2.285233e+003,9.797522e+001
2.286198e+003,9.797263e+001
2.287162e+003,9.797025e+001
2.288126e+003,9.796783e+001
2.289090e+003,9.796528e+001
2.290055e+003,9.796271e+001
2.291019e+003,9.796031e+001
2.291983e+003,9.795834e+001
2.292947e+003,9.795676e+001
2.293912e+003,9.795542e+001
2.294876e+003,9.795406e+001
2.295840e+003,9.795237e+001
2.296804e+003,9.795037e+001
2.297769e+003,9.794820e+001
2.298733e+003,9.794624e+001
2.299697e+003,9.794476e+001
2.300661e+003,9.794396e+001
2.301625e+003,9.794381e+001
2.302590e+003,9.794405e+001
2.303554e+003,9.794444e+001
2.304518e+003,9.794490e+001
2.305482e+003,9.794534e+001
2.306447e+003,9.794590e+001
2.307411e+003,9.794653e+001
2.308375e+003,9.794712e+001
2.309339e+003,9.794727e+001
2.310304e+003,9.794660e+001
2.311268e+003,9.794482e+001
2.312232e+003,9.794191e+001
2.313196e+003,9.793817e+001
2.314161e+003,9.793408e+001
2.315125e+003,9.792995e+001
2.316089e+003,9.792593e+001
2.317053e+003,9.792193e+001
2.318018e+003,9.791761e+001
2.318982e+003,9.791283e+001
2.319946e+003,9.790781e+001
2.320910e+003,9.790296e+001
2.321875e+003,9.789890e+001
2.322839e+003,9.789591e+001
2.323803e+003,9.789391e+001
2.324767e+003,9.789229e+001
2.325731e+003,9.789014e+001
2.326696e+003,9.788664e+001
2.327660e+003,9.788149e+001
2.328624e+003,9.787491e+001
2.329588e+003,9.786757e+001
2.330552e+003,9.786010e+001
2.331517e+003,9.785310e+001
2.332481e+003,9.784659e+001
2.333445e+003,9.784048e+001
2.334409e+003,9.783442e+001
2.335374e+003,9.782833e+001
2.336338e+003,9.782228e+001
2.337302e+003,9.781655e+001
2.338266e+003,9.781136e+001
2.339230e+003,9.780706e+001
2.340195e+003,9.780399e+001
2.341159e+003,9.780202e+001
2.342123e+003,9.780029e+001
2.343087e+003,9.779755e+001
2.344052e+003,9.779346e+001
2.345016e+003,9.778899e+001
2.345980e+003,9.778516e+001
2.346944e+003,9.778251e+001
2.347909e+003,9.778079e+001
2.348873e+003,9.777956e+001
2.349837e+003,9.777841e+001
2.350801e+003,9.777712e+001
2.351766e+003,9.777583e+001
2.352730e+003,9.777516e+001
2.353694e+003,9.777586e+001
2.354658e+003,9.777830e+001
2.355623e+003,9.778130e+001
2.356587e+003,9.778243e+001
2.357551e+003,9.777998e+001
2.358515e+003,9.777583e+001
2.359479e+003,9.777365e+001
2.360444e+003,9.777490e+001
2.361408e+003,9.777789e+001
2.362372e+003,9.778089e+001
2.363336e+003,9.778326e+001
2.364301e+003,9.778476e+001
2.365265e+003,9.778493e+001
2.366229e+003,9.778349e+001
2.367193e+003,9.778059e+001
2.368158e+003,9.777698e+001
2.369122e+003,9.777349e+001
2.370086e+003,9.777066e+001
2.371050e+003,9.776853e+001
2.372015e+003,9.776688e+001
2.372979e+003,9.776537e+001
2.373943e+003,9.776392e+001
2.374907e+003,9.776283e+001
2.375872e+003,9.776234e+001
2.376836e+003,9.776260e+001
2.377800e+003,9.776348e+001
2.378764e+003,9.776465e+001
2.379729e+003,9.776552e+001
2.380693e+003,9.776557e+001
2.381657e+003,9.776456e+001
2.382621e+003,9.776245e+001
2.383585e+003,9.775944e+001
2.384550e+003,9.775580e+001
2.385514e+003,9.775184e+001
2.386478e+003,9.774776e+001
2.387442e+003,9.774378e+001
2.388406e+003,9.773991e+001
2.389371e+003,9.773637e+001
2.390335e+003,9.773328e+001
2.391299e+003,9.773086e+001
2.392263e+003,9.772920e+001
2.393228e+003,9.772826e+001
2.394192e+003,9.772784e+001
2.395156e+003,9.772765e+001
2.396120e+003,9.772736e+001
2.397084e+003,9.772677e+001
2.398049e+003,9.772583e+001
2.399013e+003,9.772448e+001
2.399977e+003,9.772289e+001
2.400941e+003,9.772099e+001
2.401906e+003,9.771885e+001
2.402870e+003,9.771644e+001
2.403834e+003,9.771373e+001
2.404798e+003,9.771083e+001
2.405763e+003,9.770792e+001
2.406727e+003,9.770523e+001
2.407691e+003,9.770281e+001
2.408655e+003,9.770071e+001
2.409620e+003,9.769881e+001
2.410584e+003,9.769694e+001
2.411548e+003,9.769497e+001
2.412512e+003,9.769291e+001
2.413477e+003,9.769084e+001
2.414441e+003,9.768890e+001
2.415405e+003,9.768721e+001
2.416369e+003,9.768574e+001
2.417333e+003,9.768434e+001
2.418298e+003,9.768287e+001
2.419262e+003,9.768111e+001
2.420226e+003,9.767902e+001
2.421190e+003,9.767665e+001
2.422155e+003,9.767419e+001
2.423119e+003,9.767165e+001
2.424083e+003,9.766920e+001
2.425047e+003,9.766666e+001
2.426012e+003,9.766395e+001
2.426976e+003,9.766095e+001
2.427940e+003,9.765762e+001
2.428904e+003,9.765398e+001
2.429869e+003,9.765020e+001
2.430833e+003,9.764640e+001
2.431797e+003,9.764272e+001
2.432761e+003,9.763918e+001
2.433726e+003,9.763574e+001
2.434690e+003,9.763242e+001
2.435654e+003,9.762934e+001
2.436618e+003,9.762659e+001
2.437583e+003,9.762426e+001
2.438547e+003,9.762247e+001
2.439511e+003,9.762123e+001
2.440475e+003,9.762033e+001
2.441439e+003,9.761961e+001
2.442404e+003,9.761881e+001
2.443368e+003,9.761787e+001
2.444332e+003,9.761679e+001
2.445296e+003,9.761563e+001
2.446260e+003,9.761446e+001
2.447225e+003,9.761331e+001
2.448189e+003,9.761221e+001
2.449153e+003,9.761101e+001
2.450117e+003,9.760963e+001
2.451082e+003,9.760807e+001
2.452046e+003,9.760636e+001
2.453010e+003,9.760463e+001
2.453974e+003,9.760300e+001
2.454938e+003,9.760151e+001
2.455903e+003,9.760018e+001
2.456867e+003,9.759891e+001
2.457831e+003,9.759768e+001
2.458795e+003,9.759649e+001
2.459760e+003,9.759534e+001
2.460724e+003,9.759428e+001
2.461688e+003,9.759328e+001
2.462652e+003,9.759225e+001
2.463617e+003,9.759106e+001
2.464581e+003,9.758954e+001
2.465545e+003,9.758760e+001
2.466509e+003,9.758523e+001
2.467474e+003,9.758260e+001
2.468438e+003,9.757999e+001
2.469402e+003,9.757760e+001
2.470366e+003,9.757560e+001
2.471331e+003,9.757397e+001
2.472295e+003,9.757262e+001
2.473259e+003,9.757136e+001
2.474223e+003,9.757008e+001
2.475188e+003,9.756864e+001
2.476152e+003,9.756709e+001
2.477116e+003,9.756553e+001
2.478080e+003,9.756399e+001
2.479044e+003,9.756250e+001
2.480009e+003,9.756105e+001
2.480973e+003,9.755953e+001
2.481937e+003,9.755795e+001
2.482901e+003,9.755620e+001
2.483866e+003,9.755436e+001
2.484830e+003,9.755244e+001
2.485794e+003,9.755044e+001
2.486758e+003,9.754836e+001
2.487723e+003,9.754616e+001
2.488687e+003,9.754384e+001
2.489651e+003,9.754141e+001
2.490615e+003,9.753896e+001
2.491580e+003,9.753648e+001
2.492544e+003,9.753410e+001
2.493508e+003,9.753181e+001
2.494472e+003,9.752968e+001
2.495437e+003,9.752769e+001
2.496401e+003,9.752599e+001
2.497365e+003,9.752466e+001
2.498329e+003,9.752381e+001
2.499293e+003,9.752354e+001
2.500258e+003,9.752383e+001
2.501222e+003,9.752444e+001
2.502186e+003,9.752507e+001
2.503150e+003,9.752542e+001
2.504115e+003,9.752521e+001
2.505079e+003,9.752436e+001
2.506043e+003,9.752294e+001
2.507007e+003,9.752113e+001
2.507971e+003,9.751920e+001
2.508936e+003,9.751727e+001
2.509900e+003,9.751543e+001
2.510864e+003,9.751370e+001
2.511828e+003,9.751189e+001
2.512792e+003,9.751004e+001
2.513757e+003,9.750806e+001
2.514721e+003,9.750607e+001
2.515685e+003,9.750408e+001
2.516649e+003,9.750220e+001
2.517614e+003,9.750040e+001
2.518578e+003,9.749868e+001
2.519542e+003,9.749700e+001
2.520506e+003,9.749527e+001
2.521471e+003,9.749356e+001
2.522435e+003,9.749189e+001
2.523399e+003,9.749027e+001
2.524363e+003,9.748877e+001
2.525328e+003,9.748726e+001
2.526292e+003,9.748566e+001
2.527256e+003,9.748391e+001
2.528220e+003,9.748196e+001
2.529185e+003,9.747984e+001
2.530149e+003,9.747767e+001
2.531113e+003,9.747556e+001
2.532077e+003,9.747361e+001
2.533042e+003,9.747182e+001
2.534006e+003,9.747021e+001
2.534970e+003,9.746864e+001
2.535934e+003,9.746710e+001
2.536898e+003,9.746552e+001
2.537863e+003,9.746397e+001
2.538827e+003,9.746248e+001
2.539791e+003,9.746105e+001
2.540755e+003,9.745974e+001
2.541720e+003,9.745847e+001
2.542684e+003,9.745724e+001
2.543648e+003,9.745605e+001
2.544612e+003,9.745482e+001
2.545577e+003,9.745362e+001
2.546541e+003,9.745239e+001
2.547505e+003,9.745112e+001
2.548469e+003,9.744972e+001
2.549434e+003,9.744809e+001
2.550398e+003,9.744617e+001
2.551362e+003,9.744394e+001
2.552326e+003,9.744146e+001
2.553291e+003,9.743886e+001
2.554255e+003,9.743622e+001
2.555219e+003,9.743368e+001
2.556183e+003,9.743122e+001
2.557147e+003,9.742886e+001
2.558112e+003,9.742654e+001
2.559076e+003,9.742426e+001
2.560040e+003,9.742200e+001
2.561004e+003,9.741978e+001
2.561969e+003,9.741762e+001
2.562933e+003,9.741548e+001
2.563897e+003,9.741329e+001
2.564861e+003,9.741099e+001
2.565825e+003,9.740847e+001
2.566790e+003,9.740575e+001
2.567754e+003,9.740283e+001
2.568718e+003,9.739975e+001
2.569682e+003,9.739663e+001
2.570646e+003,9.739354e+001
2.571611e+003,9.739050e+001
2.572575e+003,9.738757e+001
2.573539e+003,9.738472e+001
2.574503e+003,9.738209e+001
2.575468e+003,9.737967e+001
2.576432e+003,9.737759e+001
2.577396e+003,9.737586e+001
2.578360e+003,9.737444e+001
2.579325e+003,9.737321e+001
2.580289e+003,9.737203e+001
2.581253e+003,9.737068e+001
2.582217e+003,9.736909e+001
2.583182e+003,9.736716e+001
2.584146e+003,9.736497e+001
2.585110e+003,9.736255e+001
2.586074e+003,9.735998e+001
2.587039e+003,9.735734e+001
2.588003e+003,9.735465e+001
2.588967e+003,9.735194e+001
2.589931e+003,9.734929e+001
2.590896e+003,9.734673e+001
2.591860e+003,9.734438e+001
2.592824e+003,9.734228e+001
2.593788e+003,9.734046e+001
2.594752e+003,9.733893e+001
2.595717e+003,9.733762e+001
2.596681e+003,9.733644e+001
2.597645e+003,9.733532e+001
2.598609e+003,9.733416e+001
2.599574e+003,9.733294e+001
2.600538e+003,9.733156e+001
2.601502e+003,9.732999e+001
2.602466e+003,9.732817e+001
2.603431e+003,9.732607e+001
2.604395e+003,9.732368e+001
2.605359e+003,9.732114e+001
2.606323e+003,9.731858e+001
2.607288e+003,9.731616e+001
2.608252e+003,9.731400e+001
2.609216e+003,9.731212e+001
2.610180e+003,9.731046e+001
2.611145e+003,9.730888e+001
2.612109e+003,9.730719e+001
2.613073e+003,9.730525e+001
2.614037e+003,9.730301e+001
2.615001e+003,9.730048e+001
2.615966e+003,9.729768e+001
2.616930e+003,9.729471e+001
2.617894e+003,9.729163e+001
2.618858e+003,9.728849e+001
2.619823e+003,9.728528e+001
2.620787e+003,9.728201e+001
2.621751e+003,9.727874e+001
2.622715e+003,9.727556e+001
2.623679e+003,9.727256e+001
2.624644e+003,9.726985e+001
2.625608e+003,9.726756e+001
2.626572e+003,9.726575e+001
2.627536e+003,9.726440e+001
2.628500e+003,9.726356e+001
2.629465e+003,9.726313e+001
2.630429e+003,9.726305e+001
2.631393e+003,9.726312e+001
2.632357e+003,9.726327e+001
2.633322e+003,9.726331e+001
2.634286e+003,9.726315e+001
2.635250e+003,9.726268e+001
2.636214e+003,9.726190e+001
2.637179e+003,9.726077e+001
2.638143e+003,9.725935e+001
2.639107e+003,9.725769e+001
2.640071e+003,9.725580e+001
2.641036e+003,9.725373e+001
2.642000e+003,9.725153e+001
2.642964e+003,9.724934e+001
2.643928e+003,9.724721e+001
2.644893e+003,9.724524e+001
2.645857e+003,9.724352e+001
2.646821e+003,9.724196e+001
2.647785e+003,9.724049e+001
2.648750e+003,9.723896e+001
2.649714e+003,9.723724e+001
2.650678e+003,9.723519e+001
2.651642e+003,9.723288e+001
2.652606e+003,9.723036e+001
2.653571e+003,9.722781e+001
2.654535e+003,9.722536e+001
2.655499e+003,9.722311e+001
2.656463e+003,9.722108e+001
2.657428e+003,9.721928e+001
2.658392e+003,9.721761e+001
2.659356e+003,9.721604e+001
2.660320e+003,9.721455e+001
2.661285e+003,9.721313e+001
2.662249e+003,9.721172e+001
2.663213e+003,9.721027e+001
2.664177e+003,9.720869e+001
2.665142e+003,9.720681e+001
2.666106e+003,9.720454e+001
2.667070e+003,9.720184e+001
2.668034e+003,9.719871e+001
2.668999e+003,9.719528e+001
2.669963e+003,9.719170e+001
2.670927e+003,9.718810e+001
2.671891e+003,9.718462e+001
2.672855e+003,9.718136e+001
2.673820e+003,9.717841e+001
2.674784e+003,9.717580e+001
2.675748e+003,9.717354e+001
2.676712e+003,9.717160e+001
2.677677e+003,9.716994e+001
2.678641e+003,9.716842e+001
2.679605e+003,9.716692e+001
2.680569e+003,9.716536e+001
2.681533e+003,9.716364e+001
2.682498e+003,9.716179e+001
2.683462e+003,9.715984e+001
2.684426e+003,9.715784e+001
2.685390e+003,9.715589e+001
2.686354e+003,9.715398e+001
2.687319e+003,9.715207e+001
2.688283e+003,9.715013e+001
2.689247e+003,9.714815e+001
2.690211e+003,9.714624e+001
2.691176e+003,9.714446e+001
2.692140e+003,9.714297e+001
2.693104e+003,9.714179e+001
2.694068e+003,9.714098e+001
2.695033e+003,9.714037e+001
2.695997e+003,9.713979e+001
2.696961e+003,9.713904e+001
2.697925e+003,9.713793e+001
2.698890e+003,9.713641e+001
2.699854e+003,9.713449e+001
2.700818e+003,9.713226e+001
2.701782e+003,9.712984e+001
2.702747e+003,9.712732e+001
2.703711e+003,9.712479e+001
2.704675e+003,9.712234e+001
2.705639e+003,9.711996e+001
2.706604e+003,9.711768e+001
2.707568e+003,9.711555e+001
2.708532e+003,9.711353e+001
2.709496e+003,9.711163e+001
2.710460e+003,9.710979e+001
2.711425e+003,9.710792e+001
2.712389e+003,9.710591e+001
2.713353e+003,9.710368e+001
2.714317e+003,9.710108e+001
2.715282e+003,9.709806e+001
2.716246e+003,9.709448e+001
2.717210e+003,9.709031e+001
2.718174e+003,9.708551e+001
2.719139e+003,9.708019e+001
2.720103e+003,9.707449e+001
2.721067e+003,9.706875e+001
2.722031e+003,9.706331e+001
2.722996e+003,9.705843e+001
2.723960e+003,9.705439e+001
2.724924e+003,9.705119e+001
2.725888e+003,9.704864e+001
2.726853e+003,9.704653e+001
2.727817e+003,9.704447e+001
2.728781e+003,9.704221e+001
2.729745e+003,9.703952e+001
2.730709e+003,9.703638e+001
2.731674e+003,9.703278e+001
2.732638e+003,9.702880e+001
2.733602e+003,9.702457e+001
2.734566e+003,9.702022e+001
2.735531e+003,9.701587e+001
2.736495e+003,9.701170e+001
2.737459e+003,9.700790e+001
2.738423e+003,9.700463e+001
2.739387e+003,9.700199e+001
2.740352e+003,9.699998e+001
2.741316e+003,9.699854e+001
2.742280e+003,9.699747e+001
2.743244e+003,9.699657e+001
2.744208e+003,9.699568e+001
2.745173e+003,9.699466e+001
2.746137e+003,9.699355e+001
2.747101e+003,9.699223e+001
2.748065e+003,9.699071e+001
2.749030e+003,9.698888e+001
2.749994e+003,9.698662e+001
2.750958e+003,9.698380e+001
2.751922e+003,9.698040e+001
2.752887e+003,9.697649e+001
2.753851e+003,9.697231e+001
2.754815e+003,9.696815e+001
2.755779e+003,9.696436e+001
2.756744e+003,9.696118e+001
2.757708e+003,9.695875e+001
2.758672e+003,9.695699e+001
2.759636e+003,9.695583e+001
2.760601e+003,9.695504e+001
2.761565e+003,9.695438e+001
2.762529e+003,9.695371e+001
2.763493e+003,9.695288e+001
2.764458e+003,9.695169e+001
2.765422e+003,9.695011e+001
2.766386e+003,9.694795e+001
2.767350e+003,9.694518e+001
2.768314e+003,9.694183e+001
2.769279e+003,9.693793e+001
2.770243e+003,9.693366e+001
2.771207e+003,9.692928e+001
2.772171e+003,9.692505e+001
2.773136e+003,9.692131e+001
2.774100e+003,9.691814e+001
2.775064e+003,9.691572e+001
2.776028e+003,9.691389e+001
2.776993e+003,9.691254e+001
2.777957e+003,9.691140e+001
2.778921e+003,9.691017e+001
2.779885e+003,9.690861e+001
2.780850e+003,9.690654e+001
2.781814e+003,9.690388e+001
2.782778e+003,9.690073e+001
2.783742e+003,9.689722e+001
2.784707e+003,9.689357e+001
2.785671e+003,9.688991e+001
2.786635e+003,9.688634e+001
2.787599e+003,9.688287e+001
2.788563e+003,9.687947e+001
2.789528e+003,9.687595e+001
2.790492e+003,9.687230e+001
2.791456e+003,9.686839e+001
2.792420e+003,9.686426e+001
2.793385e+003,9.685989e+001
2.794349e+003,9.685541e+001
2.795313e+003,9.685084e+001
2.796277e+003,9.684625e+001
2.797241e+003,9.684161e+001
2.798206e+003,9.683695e+001
2.799170e+003,9.683226e+001
2.800134e+003,9.682754e+001
2.801098e+003,9.682278e+001
2.802063e+003,9.681801e+001
2.803027e+003,9.681322e+001
2.803991e+003,9.680845e+001
2.804955e+003,9.680368e+001
2.805919e+003,9.679896e+001
2.806884e+003,9.679428e+001
2.807848e+003,9.678973e+001
2.808812e+003,9.678529e+001
2.809776e+003,9.678101e+001
2.810741e+003,9.677686e+001
2.811705e+003,9.677281e+001
2.812669e+003,9.676880e+001
2.813633e+003,9.676484e+001
2.814598e+003,9.676087e+001
2.815562e+003,9.675700e+001
2.816526e+003,9.675323e+001
2.817490e+003,9.674963e+001
2.818455e+003,9.674624e+001
2.819419e+003,9.674310e+001
2.820383e+003,9.674010e+001
2.821347e+003,9.673721e+001
2.822312e+003,9.673426e+001
2.823276e+003,9.673109e+001
2.824240e+003,9.672746e+001
2.825204e+003,9.672318e+001
2.826168e+003,9.671804e+001
2.827133e+003,9.671199e+001
2.828097e+003,9.670497e+001
2.829061e+003,9.669710e+001
2.830025e+003,9.668856e+001
2.830990e+003,9.667958e+001
2.831954e+003,9.667041e+001
2.832918e+003,9.666126e+001
2.833882e+003,9.665231e+001
2.834847e+003,9.664365e+001
2.835811e+003,9.663525e+001
2.836775e+003,9.662707e+001
2.837739e+003,9.661899e+001
2.838704e+003,9.661090e+001
2.839668e+003,9.660262e+001
2.840632e+003,9.659409e+001
2.841596e+003,9.658513e+001
2.842561e+003,9.657564e+001
2.843525e+003,9.656550e+001
2.844489e+003,9.655465e+001
2.845453e+003,9.654299e+001
2.846417e+003,9.653042e+001
2.847382e+003,9.651684e+001
2.848346e+003,9.650214e+001
2.849310e+003,9.648621e+001
2.850274e+003,9.646902e+001
2.851239e+003,9.645053e+001
2.852203e+003,9.643085e+001
2.853167e+003,9.641003e+001
2.854131e+003,9.638818e+001
2.855095e+003,9.636536e+001
2.856060e+003,9.634161e+001
2.857024e+003,9.631683e+001
2.857988e+003,9.629095e+001
2.858952e+003,9.626388e+001
2.859917e+003,9.623562e+001
2.860881e+003,9.620628e+001
2.861845e+003,9.617619e+001
2.862809e+003,9.614581e+001
2.863774e+003,9.611575e+001
2.864738e+003,9.608673e+001
2.865702e+003,9.605945e+001
2.866666e+003,9.603453e+001
2.867631e+003,9.601241e+001
2.868595e+003,9.599326e+001
2.869559e+003,9.597698e+001
2.870523e+003,9.596323e+001
2.871488e+003,9.595131e+001
2.872452e+003,9.594047e+001
2.873416e+003,9.592981e+001
2.874380e+003,9.591845e+001
2.875344e+003,9.590567e+001
2.876309e+003,9.589096e+001
2.877273e+003,9.587415e+001
2.878237e+003,9.585542e+001
2.879201e+003,9.583529e+001
2.880166e+003,9.581461e+001
2.881130e+003,9.579438e+001
2.882094e+003,9.577549e+001
2.883058e+003,9.575865e+001
2.884022e+003,9.574412e+001
2.884987e+003,9.573171e+001
2.885951e+003,9.572091e+001
2.886915e+003,9.571098e+001
2.887879e+003,9.570125e+001
2.888844e+003,9.569125e+001
2.889808e+003,9.568062e+001
2.890772e+003,9.566931e+001
2.891736e+003,9.565709e+001
2.892701e+003,9.564368e+001
2.893665e+003,9.562859e+001
2.894629e+003,9.561131e+001
2.895593e+003,9.559166e+001
2.896558e+003,9.557003e+001
2.897522e+003,9.554752e+001
2.898486e+003,9.552597e+001
2.899450e+003,9.550750e+001
2.900415e+003,9.549397e+001
2.901379e+003,9.548647e+001
2.902343e+003,9.548491e+001
2.903307e+003,9.548804e+001
2.904271e+003,9.549382e+001
2.905236e+003,9.550005e+001
2.906200e+003,9.550491e+001
2.907164e+003,9.550752e+001
2.908128e+003,9.550798e+001
2.909093e+003,9.550715e+001
2.910057e+003,9.550625e+001
2.911021e+003,9.550623e+001
2.911985e+003,9.550757e+001
2.912949e+003,9.551004e+001
2.913914e+003,9.551299e+001
2.914878e+003,9.551549e+001
2.915842e+003,9.551676e+001
2.916806e+003,9.551630e+001
2.917771e+003,9.551395e+001
2.918735e+003,9.550984e+001
2.919699e+003,9.550423e+001
2.920663e+003,9.549732e+001
2.921628e+003,9.548940e+001
2.922592e+003,9.548058e+001
2.923556e+003,9.547115e+001
2.924520e+003,9.546117e+001
2.925485e+003,9.545096e+001
2.926449e+003,9.544068e+001
2.927413e+003,9.543057e+001
2.928377e+003,9.542079e+001
2.929342e+003,9.541146e+001
2.930306e+003,9.540284e+001
2.931270e+003,9.539508e+001
2.932234e+003,9.538840e+001
2.933198e+003,9.538293e+001
2.934163e+003,9.537864e+001
2.935127e+003,9.537552e+001
2.936091e+003,9.537328e+001
2.937055e+003,9.537170e+001
2.938020e+003,9.537054e+001
2.938984e+003,9.536974e+001
2.939948e+003,9.536942e+001
2.940912e+003,9.536968e+001
2.941876e+003,9.537068e+001
2.942841e+003,9.537254e+001
2.943805e+003,9.537513e+001
2.944769e+003,9.537824e+001
2.945733e+003,9.538142e+001
2.946698e+003,9.538402e+001
2.947662e+003,9.538538e+001
2.948626e+003,9.538480e+001
2.949590e+003,9.538174e+001
2.950555e+003,9.537585e+001
2.951519e+003,9.536707e+001
2.952483e+003,9.535551e+001
2.953447e+003,9.534137e+001
2.954412e+003,9.532484e+001
2.955376e+003,9.530600e+001
2.956340e+003,9.528477e+001
2.957304e+003,9.526088e+001
2.958269e+003,9.523401e+001
2.959233e+003,9.520379e+001
2.960197e+003,9.516971e+001
2.961161e+003,9.513137e+001
2.962125e+003,9.508823e+001
2.963090e+003,9.503972e+001
2.964054e+003,9.498538e+001
2.965018e+003,9.492478e+001
2.965982e+003,9.485786e+001
2.966947e+003,9.478497e+001
2.967911e+003,9.470670e+001
2.968875e+003,9.462379e+001
2.969839e+003,9.453688e+001
2.970803e+003,9.444623e+001
2.971768e+003,9.435172e+001
2.972732e+003,9.425309e+001
2.973696e+003,9.415028e+001
2.974660e+003,9.404408e+001
2.975625e+003,9.393647e+001
2.976589e+003,9.383072e+001
2.977553e+003,9.373119e+001
2.978517e+003,9.364279e+001
2.979482e+003,9.357003e+001
2.980446e+003,9.351648e+001
2.981410e+003,9.348425e+001
2.982374e+003,9.347399e+001
2.983339e+003,9.348516e+001
2.984303e+003,9.351646e+001
2.985267e+003,9.356627e+001
2.986231e+003,9.363293e+001
2.987196e+003,9.371468e+001
2.988160e+003,9.380955e+001
2.989124e+003,9.391512e+001
2.990088e+003,9.402840e+001
2.991052e+003,9.414600e+001
2.992017e+003,9.426459e+001
2.992981e+003,9.438121e+001
2.993945e+003,9.449385e+001
2.994909e+003,9.460178e+001
2.995874e+003,9.470546e+001
2.996838e+003,9.480627e+001
2.997802e+003,9.490598e+001
2.998766e+003,9.500626e+001
2.999730e+003,9.510817e+001
3.000695e+003,9.521194e+001
3.001659e+003,9.531673e+001
3.002623e+003,9.542107e+001
3.003587e+003,9.552292e+001
3.004552e+003,9.562005e+001
3.005516e+003,9.571046e+001
3.006480e+003,9.579266e+001
3.007444e+003,9.586569e+001
3.008409e+003,9.592934e+001
3.009373e+003,9.598405e+001
3.010337e+003,9.603085e+001
3.011301e+003,9.607102e+001
3.012266e+003,9.610613e+001
3.013230e+003,9.613751e+001
3.014194e+003,9.616628e+001
3.015158e+003,9.619312e+001
3.016123e+003,9.621828e+001
3.017087e+003,9.624165e+001
3.018051e+003,9.626305e+001
3.019015e+003,9.628235e+001
3.019979e+003,9.629955e+001
3.020944e+003,9.631483e+001
3.021908e+003,9.632856e+001
3.022872e+003,9.634103e+001
3.023836e+003,9.635264e+001
3.024801e+003,9.636335e+001
3.025765e+003,9.637325e+001
3.026729e+003,9.638223e+001
3.027693e+003,9.639027e+001
3.028657e+003,9.639738e+001
3.029622e+003,9.640378e+001
3.030586e+003,9.640961e+001
3.031550e+003,9.641502e+001
3.032514e+003,9.642004e+001
3.033479e+003,9.642460e+001
3.034443e+003,9.642844e+001
3.035407e+003,9.643145e+001
3.036371e+003,9.643348e+001
3.037336e+003,9.643461e+001
3.038300e+003,9.643496e+001
3.039264e+003,9.643488e+001
3.040228e+003,9.643461e+001
3.041193e+003,9.643431e+001
3.042157e+003,9.643409e+001
3.043121e+003,9.643385e+001
3.044085e+003,9.643336e+001
3.045050e+003,9.643246e+001
3.046014e+003,9.643105e+001
3.046978e+003,9.642905e+001
3.047942e+003,9.642651e+001
3.048906e+003,9.642361e+001
3.049871e+003,9.642046e+001
3.050835e+003,9.641739e+001
3.051799e+003,9.641460e+001
3.052763e+003,9.641238e+001
3.053728e+003,9.641096e+001
3.054692e+003,9.641048e+001
3.055656e+003,9.641084e+001
3.056620e+003,9.641177e+001
3.057584e+003,9.641267e+001
3.058549e+003,9.641282e+001
3.059513e+003,9.641146e+001
3.060477e+003,9.640801e+001
3.061441e+003,9.640224e+001
3.062406e+003,9.639444e+001
3.063370e+003,9.638544e+001
3.064334e+003,9.637651e+001
3.065298e+003,9.636913e+001
3.066263e+003,9.636470e+001
3.067227e+003,9.636413e+001
3.068191e+003,9.636772e+001
3.069155e+003,9.637509e+001
3.070120e+003,9.638515e+001
3.071084e+003,9.639639e+001
3.072048e+003,9.640723e+001
3.073012e+003,9.641614e+001
3.073977e+003,9.642210e+001
3.074941e+003,9.642459e+001
3.075905e+003,9.642364e+001
3.076869e+003,9.641980e+001
3.077833e+003,9.641389e+001
3.078798e+003,9.640700e+001
3.079762e+003,9.640022e+001
3.080726e+003,9.639446e+001
3.081690e+003,9.639046e+001
3.082655e+003,9.638866e+001
3.083619e+003,9.638916e+001
3.084583e+003,9.639181e+001
3.085547e+003,9.639617e+001
3.086511e+003,9.640163e+001
3.087476e+003,9.640758e+001
3.088440e+003,9.641336e+001
3.089404e+003,9.641852e+001
3.090368e+003,9.642265e+001
3.091333e+003,9.642555e+001
3.092297e+003,9.642715e+001
3.093261e+003,9.642751e+001
3.094225e+003,9.642668e+001
3.095190e+003,9.642489e+001
3.096154e+003,9.642239e+001
3.097118e+003,9.641950e+001
3.098082e+003,9.641654e+001
3.099047e+003,9.641387e+001
3.100011e+003,9.641171e+001
3.100975e+003,9.641014e+001
3.101939e+003,9.640912e+001
3.102904e+003,9.640852e+001
3.103868e+003,9.640808e+001
3.104832e+003,9.640759e+001
3.105796e+003,9.640681e+001
3.106760e+003,9.640551e+001
3.107725e+003,9.640359e+001
3.108689e+003,9.640089e+001
3.109653e+003,9.639733e+001
3.110617e+003,9.639286e+001
3.111582e+003,9.638760e+001
3.112546e+003,9.638177e+001
3.113510e+003,9.637572e+001
3.114474e+003,9.636996e+001
3.115438e+003,9.636491e+001
3.116403e+003,9.636087e+001
3.117367e+003,9.635796e+001
3.118331e+003,9.635610e+001
3.119295e+003,9.635504e+001
3.120260e+003,9.635452e+001
3.121224e+003,9.635423e+001
3.122188e+003,9.635413e+001
3.123152e+003,9.635419e+001
3.124117e+003,9.635449e+001
3.125081e+003,9.635504e+001
3.126045e+003,9.635580e+001
3.127009e+003,9.635657e+001
3.127974e+003,9.635709e+001
3.128938e+003,9.635721e+001
3.129902e+003,9.635674e+001
3.130866e+003,9.635571e+001
3.131831e+003,9.635429e+001
3.132795e+003,9.635275e+001
3.133759e+003,9.635140e+001
3.134723e+003,9.635033e+001
3.135688e+003,9.634967e+001
3.136652e+003,9.634926e+001
3.137616e+003,9.634895e+001
3.138580e+003,9.634845e+001
3.139544e+003,9.634759e+001
3.140509e+003,9.634624e+001
3.141473e+003,9.634439e+001
3.142437e+003,9.634211e+001
3.143401e+003,9.633952e+001
3.144365e+003,9.633667e+001
3.145330e+003,9.633370e+001
3.146294e+003,9.633066e+001
3.147258e+003,9.632756e+001
3.148222e+003,9.632448e+001
3.149187e+003,9.632150e+001
3.150151e+003,9.631870e+001
3.151115e+003,9.631619e+001
3.152079e+003,9.631393e+001
3.153044e+003,9.631202e+001
3.154008e+003,9.631023e+001
3.154972e+003,9.630839e+001
3.155936e+003,9.630627e+001
3.156901e+003,9.630377e+001
3.157865e+003,9.630083e+001
3.158829e+003,9.629749e+001
3.159793e+003,9.629401e+001
3.160758e+003,9.629063e+001
3.161722e+003,9.628754e+001
3.162686e+003,9.628489e+001
3.163650e+003,9.628271e+001
3.164615e+003,9.628097e+001
3.165579e+003,9.627959e+001
3.166543e+003,9.627845e+001
3.167507e+003,9.627753e+001
3.168471e+003,9.627673e+001
3.169436e+003,9.627600e+001
3.170400e+003,9.627518e+001
3.171364e+003,9.627406e+001
3.172328e+003,9.627244e+001
3.173292e+003,9.627012e+001
3.174257e+003,9.626709e+001
3.175221e+003,9.626347e+001
3.176185e+003,9.625952e+001
3.177149e+003,9.625556e+001
3.178114e+003,9.625194e+001
3.179078e+003,9.624879e+001
3.180042e+003,9.624612e+001
3.181006e+003,9.624383e+001
3.181971e+003,9.624171e+001
3.182935e+003,9.623959e+001
3.183899e+003,9.623744e+001
3.184863e+003,9.623533e+001
3.185828e+003,9.623341e+001
3.186792e+003,9.623172e+001
3.187756e+003,9.623036e+001
3.188720e+003,9.622919e+001
3.189685e+003,9.622790e+001
3.190649e+003,9.622616e+001
3.191613e+003,9.622370e+001
3.192577e+003,9.622025e+001
3.193542e+003,9.621583e+001
3.194506e+003,9.621061e+001
3.195470e+003,9.620488e+001
3.196434e+003,9.619909e+001
3.197398e+003,9.619367e+001
3.198363e+003,9.618886e+001
3.199327e+003,9.618497e+001
3.200291e+003,9.618198e+001
3.201255e+003,9.617976e+001
3.202219e+003,9.617799e+001
3.203184e+003,9.617631e+001
3.204148e+003,9.617435e+001
3.205112e+003,9.617180e+001
3.206076e+003,9.616850e+001
3.207041e+003,9.616443e+001
3.208005e+003,9.615974e+001
3.208969e+003,9.615461e+001
3.209933e+003,9.614927e+001
3.210898e+003,9.614392e+001
3.211862e+003,9.613875e+001
3.212826e+003,9.613382e+001
3.213790e+003,9.612914e+001
3.214755e+003,9.612461e+001
3.215719e+003,9.612028e+001
3.216683e+003,9.611600e+001
3.217647e+003,9.611185e+001
3.218612e+003,9.610785e+001
3.219576e+003,9.610414e+001
3.220540e+003,9.610084e+001
3.221504e+003,9.609792e+001
3.222469e+003,9.609534e+001
3.223433e+003,9.609288e+001
3.224397e+003,9.609023e+001
3.225361e+003,9.608715e+001
3.226325e+003,9.608343e+001
3.227290e+003,9.607899e+001
3.228254e+003,9.607401e+001
3.229218e+003,9.606879e+001
3.230182e+003,9.606367e+001
3.231146e+003,9.605904e+001
3.232111e+003,9.605497e+001
3.233075e+003,9.605147e+001
3.234039e+003,9.604845e+001
3.235003e+003,9.604568e+001
3.235968e+003,9.604295e+001
3.236932e+003,9.604012e+001
3.237896e+003,9.603704e+001
3.238860e+003,9.603363e+001
3.239825e+003,9.602982e+001
3.240789e+003,9.602554e+001
3.241753e+003,9.602087e+001
3.242717e+003,9.601604e+001
3.243682e+003,9.601134e+001
3.244646e+003,9.600726e+001
3.245610e+003,9.600407e+001
3.246574e+003,9.600205e+001
3.247539e+003,9.600102e+001
3.248503e+003,9.600053e+001
3.249467e+003,9.599998e+001
3.250431e+003,9.599873e+001
3.251396e+003,9.599644e+001
3.252360e+003,9.599311e+001
3.253324e+003,9.598908e+001
3.254288e+003,9.598495e+001
3.255252e+003,9.598127e+001
3.256217e+003,9.597841e+001
3.257181e+003,9.597649e+001
3.258145e+003,9.597523e+001
3.259109e+003,9.597435e+001
3.260073e+003,9.597344e+001
3.261038e+003,9.597237e+001
3.262002e+003,9.597101e+001
3.262966e+003,9.596945e+001
3.263930e+003,9.596774e+001
3.264895e+003,9.596585e+001
3.265859e+003,9.596369e+001
3.266823e+003,9.596111e+001
3.267787e+003,9.595798e+001
3.268752e+003,9.595427e+001
3.269716e+003,9.595000e+001
3.270680e+003,9.594537e+001
3.271644e+003,9.594059e+001
3.272609e+003,9.593586e+001
3.273573e+003,9.593141e+001
3.274537e+003,9.592744e+001
3.275501e+003,9.592400e+001
3.276466e+003,9.592131e+001
3.277430e+003,9.591932e+001
3.278394e+003,9.591796e+001
3.279358e+003,9.591693e+001
3.280323e+003,9.591594e+001
3.281287e+003,9.591448e+001
3.282251e+003,9.591234e+001
3.283215e+003,9.590930e+001
3.284179e+003,9.590542e+001
3.285144e+003,9.590074e+001
3.286108e+003,9.589551e+001
3.287072e+003,9.588977e+001
3.288036e+003,9.588369e+001
3.289000e+003,9.587729e+001
3.289965e+003,9.587070e+001
3.290929e+003,9.586401e+001
3.291893e+003,9.585748e+001
3.292857e+003,9.585131e+001
3.293822e+003,9.584559e+001
3.294786e+003,9.584025e+001
3.295750e+003,9.583507e+001
3.296714e+003,9.582968e+001
3.297679e+003,9.582386e+001
3.298643e+003,9.581747e+001
3.299607e+003,9.581058e+001
3.300571e+003,9.580336e+001
3.301536e+003,9.579611e+001
3.302500e+003,9.578880e+001
3.303464e+003,9.578136e+001
3.304428e+003,9.577351e+001
3.305393e+003,9.576501e+001
3.306357e+003,9.575559e+001
3.307321e+003,9.574533e+001
3.308285e+003,9.573443e+001
3.309250e+003,9.572321e+001
3.310214e+003,9.571202e+001
3.311178e+003,9.570104e+001
3.312142e+003,9.569031e+001
3.313106e+003,9.567970e+001
3.314071e+003,9.566908e+001
3.315035e+003,9.565826e+001
3.315999e+003,9.564705e+001
3.316963e+003,9.563531e+001
3.317927e+003,9.562280e+001
3.318892e+003,9.560925e+001
3.319856e+003,9.559434e+001
3.320820e+003,9.557783e+001
3.321784e+003,9.555966e+001
3.322749e+003,9.554002e+001
3.323713e+003,9.551932e+001
3.324677e+003,9.549798e+001
3.325641e+003,9.547638e+001
3.326606e+003,9.545475e+001
3.327570e+003,9.543303e+001
3.328534e+003,9.541096e+001
3.329498e+003,9.538826e+001
3.330463e+003,9.536482e+001
3.331427e+003,9.534061e+001
3.332391e+003,9.531593e+001
3.333355e+003,9.529122e+001
3.334320e+003,9.526702e+001
3.335284e+003,9.524380e+001
3.336248e+003,9.522209e+001
3.337212e+003,9.520224e+001
3.338177e+003,9.518463e+001
3.339141e+003,9.516938e+001
3.340105e+003,9.515647e+001
3.341069e+003,9.514576e+001
3.342033e+003,9.513696e+001
3.342998e+003,9.512980e+001
3.343962e+003,9.512415e+001
3.344926e+003,9.512002e+001
3.345890e+003,9.511777e+001
3.346854e+003,9.511787e+001
3.347819e+003,9.512066e+001
3.348783e+003,9.512633e+001
3.349747e+003,9.513471e+001
3.350711e+003,9.514536e+001
3.351676e+003,9.515768e+001
3.352640e+003,9.517111e+001
3.353604e+003,9.518531e+001
3.354568e+003,9.520023e+001
3.355533e+003,9.521592e+001
3.356497e+003,9.523247e+001
3.357461e+003,9.524982e+001
3.358425e+003,9.526769e+001
3.359390e+003,9.528574e+001
3.360354e+003,9.530354e+001
3.361318e+003,9.532080e+001
3.362282e+003,9.533762e+001
3.363247e+003,9.535428e+001
3.364211e+003,9.537115e+001
3.365175e+003,9.538869e+001
3.366139e+003,9.540714e+001
3.367104e+003,9.542657e+001
3.368068e+003,9.544669e+001
3.369032e+003,9.546717e+001
3.369996e+003,9.548757e+001
3.370960e+003,9.550732e+001
3.371925e+003,9.552594e+001
3.372889e+003,9.554303e+001
3.373853e+003,9.555838e+001
3.374817e+003,9.557188e+001
3.375781e+003,9.558366e+001
3.376746e+003,9.559402e+001
3.377710e+003,9.560327e+001
3.378674e+003,9.561174e+001
3.379638e+003,9.561965e+001
3.380603e+003,9.562694e+001
3.381567e+003,9.563366e+001
3.382531e+003,9.563971e+001
3.383495e+003,9.564510e+001
3.384460e+003,9.564999e+001
3.385424e+003,9.565458e+001
3.386388e+003,9.565890e+001
3.387352e+003,9.566290e+001
3.388317e+003,9.566630e+001
3.389281e+003,9.566875e+001
3.390245e+003,9.566988e+001
3.391209e+003,9.566965e+001
3.392174e+003,9.566822e+001
3.393138e+003,9.566600e+001
3.394102e+003,9.566366e+001
3.395066e+003,9.566166e+001
3.396031e+003,9.566035e+001
3.396995e+003,9.565974e+001
3.397959e+003,9.565968e+001
3.398923e+003,9.565995e+001
3.399887e+003,9.566048e+001
3.400852e+003,9.566118e+001
3.401816e+003,9.566215e+001
3.402780e+003,9.566332e+001
3.403744e+003,9.566461e+001
3.404708e+003,9.566581e+001
3.405673e+003,9.566667e+001
3.406637e+003,9.566706e+001
3.407601e+003,9.566718e+001
3.408565e+003,9.566730e+001
3.409530e+003,9.566787e+001
3.410494e+003,9.566857e+001
3.411458e+003,9.567014e+001
3.412422e+003,9.567279e+001
3.413387e+003,9.567677e+001
3.414351e+003,9.568229e+001
3.415315e+003,9.568955e+001
3.416279e+003,9.569827e+001
3.417244e+003,9.570784e+001
3.418208e+003,9.571708e+001
3.419172e+003,9.572446e+001
3.420136e+003,9.572863e+001
3.421101e+003,9.572862e+001
3.422065e+003,9.572444e+001
3.423029e+003,9.571701e+001
3.423993e+003,9.570794e+001
3.424958e+003,9.569893e+001
3.425922e+003,9.569123e+001
3.426886e+003,9.568554e+001
3.427850e+003,9.568155e+001
3.428814e+003,9.567864e+001
3.429779e+003,9.567583e+001
3.430743e+003,9.567275e+001
3.431707e+003,9.566935e+001
3.432671e+003,9.566602e+001
3.433635e+003,9.566343e+001
3.434600e+003,9.566216e+001
3.435564e+003,9.566259e+001
3.436528e+003,9.566475e+001
3.437492e+003,9.566856e+001
3.438457e+003,9.567405e+001
3.439421e+003,9.568123e+001
3.440385e+003,9.569014e+001
3.441349e+003,9.570047e+001
3.442314e+003,9.571146e+001
3.443278e+003,9.572176e+001
3.444242e+003,9.572956e+001
3.445206e+003,9.573322e+001
3.446171e+003,9.573167e+001
3.447135e+003,9.572482e+001
3.448099e+003,9.571372e+001
3.449063e+003,9.570032e+001
3.450028e+003,9.568676e+001
3.450992e+003,9.567487e+001
3.451956e+003,9.566578e+001
3.452920e+003,9.565987e+001
3.453885e+003,9.565699e+001
3.454849e+003,9.565665e+001
3.455813e+003,9.565832e+001
3.456777e+003,9.566139e+001
3.457741e+003,9.566529e+001
3.458706e+003,9.566933e+001
3.459670e+003,9.567284e+001
3.460634e+003,9.567507e+001
3.461598e+003,9.567551e+001
3.462563e+003,9.567387e+001
3.463527e+003,9.567017e+001
3.464491e+003,9.566473e+001
3.465455e+003,9.565822e+001
3.466419e+003,9.565117e+001
3.467384e+003,9.564412e+001
3.468348e+003,9.563730e+001
3.469312e+003,9.563094e+001
3.470276e+003,9.562505e+001
3.471241e+003,9.561979e+001
3.472205e+003,9.561526e+001
3.473169e+003,9.561172e+001
3.474133e+003,9.560934e+001
3.475098e+003,9.560829e+001
3.476062e+003,9.560843e+001
3.477026e+003,9.560957e+001
3.477990e+003,9.561121e+001
3.478955e+003,9.561264e+001
3.479919e+003,9.561299e+001
3.480883e+003,9.561136e+001
3.481847e+003,9.560698e+001
3.482812e+003,9.559937e+001
3.483776e+003,9.558851e+001
3.484740e+003,9.557482e+001
3.485704e+003,9.555900e+001
3.486668e+003,9.554189e+001
3.487633e+003,9.552439e+001
3.488597e+003,9.550707e+001
3.489561e+003,9.549029e+001
3.490525e+003,9.547412e+001
3.491490e+003,9.545851e+001
3.492454e+003,9.544352e+001
3.493418e+003,9.542927e+001
3.494382e+003,9.541612e+001
3.495346e+003,9.540430e+001
3.496311e+003,9.539397e+001
3.497275e+003,9.538480e+001
3.498239e+003,9.537605e+001
3.499203e+003,9.536629e+001
3.500168e+003,9.535389e+001
3.501132e+003,9.533716e+001
3.502096e+003,9.531474e+001
3.503060e+003,9.528615e+001
3.504025e+003,9.525194e+001
3.504989e+003,9.521352e+001
3.505953e+003,9.517298e+001
3.506917e+003,9.513230e+001
3.507882e+003,9.509309e+001
3.508846e+003,9.505655e+001
3.509810e+003,9.502347e+001
3.510774e+003,9.499460e+001
3.511739e+003,9.497095e+001
3.512703e+003,9.495390e+001
3.513667e+003,9.494514e+001
3.514631e+003,9.494641e+001
3.515595e+003,9.495924e+001
3.516560e+003,9.498441e+001
3.517524e+003,9.502184e+001
3.518488e+003,9.507024e+001
3.519452e+003,9.512743e+001
3.520417e+003,9.519039e+001
3.521381e+003,9.525588e+001
3.522345e+003,9.532065e+001
3.523309e+003,9.538175e+001
3.524273e+003,9.543636e+001
3.525238e+003,9.548196e+001
3.526202e+003,9.551677e+001
3.527166e+003,9.554008e+001
3.528130e+003,9.555286e+001
3.529095e+003,9.555766e+001
3.530059e+003,9.555796e+001
3.531023e+003,9.555725e+001
3.531987e+003,9.555811e+001
3.532952e+003,9.556186e+001
3.533916e+003,9.556835e+001
3.534880e+003,9.557675e+001
3.535844e+003,9.558608e+001
3.536809e+003,9.559611e+001
3.537773e+003,9.560759e+001
3.538737e+003,9.562222e+001
3.539701e+003,9.564172e+001
3.540666e+003,9.566704e+001
3.541630e+003,9.569741e+001
3.542594e+003,9.573017e+001
3.543558e+003,9.576106e+001
3.544522e+003,9.578545e+001
3.545487e+003,9.579994e+001
3.546451e+003,9.580386e+001
3.547415e+003,9.579919e+001
3.548379e+003,9.578934e+001
3.549344e+003,9.577771e+001
3.550308e+003,9.576613e+001
3.551272e+003,9.575491e+001
3.552236e+003,9.574340e+001
3.553200e+003,9.573118e+001
3.554165e+003,9.571894e+001
3.555129e+003,9.570882e+001
3.556093e+003,9.570362e+001
3.557057e+003,9.570619e+001
3.558022e+003,9.571812e+001
3.558986e+003,9.573965e+001
3.559950e+003,9.576971e+001
3.560914e+003,9.580619e+001
3.561879e+003,9.584657e+001
3.562843e+003,9.588744e+001
3.563807e+003,9.592373e+001
3.564771e+003,9.594812e+001
3.565736e+003,9.595270e+001
3.566700e+003,9.593251e+001
3.567664e+003,9.588989e+001
3.568628e+003,9.583477e+001
3.569593e+003,9.578060e+001
3.570557e+003,9.573801e+001
3.571521e+003,9.571156e+001
3.572485e+003,9.570016e+001
3.573449e+003,9.569936e+001
3.574414e+003,9.570416e+001
3.575378e+003,9.571041e+001
3.576342e+003,9.571559e+001
3.577306e+003,9.571918e+001
3.578271e+003,9.572208e+001
3.579235e+003,9.572610e+001
3.580199e+003,9.573258e+001
3.581163e+003,9.574202e+001
3.582127e+003,9.575387e+001
3.583092e+003,9.576698e+001
3.584056e+003,9.577959e+001
3.585020e+003,9.578935e+001
3.585984e+003,9.579362e+001
3.586949e+003,9.579117e+001
3.587913e+003,9.578372e+001
3.588877e+003,9.577606e+001
3.589841e+003,9.577352e+001
3.590806e+003,9.577932e+001
3.591770e+003,9.579330e+001
3.592734e+003,9.581306e+001
3.593698e+003,9.583510e+001
3.594663e+003,9.585593e+001
3.595627e+003,9.587251e+001
3.596591e+003,9.588235e+001
3.597555e+003,9.588415e+001
3.598520e+003,9.587778e+001
3.599484e+003,9.586452e+001
3.600448e+003,9.584648e+001
3.601412e+003,9.582594e+001
3.602376e+003,9.580480e+001
3.603341e+003,9.578456e+001
3.604305e+003,9.576607e+001
3.605269e+003,9.575019e+001
3.606233e+003,9.573788e+001
3.607198e+003,9.573033e+001
3.608162e+003,9.572900e+001
3.609126e+003,9.573518e+001
3.610090e+003,9.574977e+001
3.611054e+003,9.577240e+001
3.612019e+003,9.580103e+001
3.612983e+003,9.583134e+001
3.613947e+003,9.585749e+001
3.614911e+003,9.587334e+001
3.615876e+003,9.587439e+001
3.616840e+003,9.585906e+001
3.617804e+003,9.582983e+001
3.618768e+003,9.579319e+001
3.619733e+003,9.575766e+001
3.620697e+003,9.572955e+001
3.621661e+003,9.570985e+001
3.622625e+003,9.569419e+001
3.623590e+003,9.567660e+001
3.624554e+003,9.565347e+001
3.625518e+003,9.562584e+001
3.626482e+003,9.559768e+001
3.627447e+003,9.557210e+001
3.628411e+003,9.554918e+001
3.629375e+003,9.552798e+001
3.630339e+003,9.551060e+001
3.631303e+003,9.550178e+001
3.632268e+003,9.550420e+001
3.633232e+003,9.551524e+001
3.634196e+003,9.552869e+001
3.635160e+003,9.553867e+001
3.636125e+003,9.554240e+001
3.637089e+003,9.554073e+001
3.638053e+003,9.553654e+001
3.639017e+003,9.553310e+001
3.639981e+003,9.553201e+001
3.640946e+003,9.553277e+001
3.641910e+003,9.553378e+001
3.642874e+003,9.553392e+001
3.643838e+003,9.553418e+001
3.644803e+003,9.553773e+001
3.645767e+003,9.554663e+001
3.646731e+003,9.555704e+001
3.647695e+003,9.555623e+001
3.648660e+003,9.552917e+001
3.649624e+003,9.547165e+001
3.650588e+003,9.539667e+001
3.651552e+003,9.532481e+001
3.652517e+003,9.526987e+001
3.653481e+003,9.523366e+001
3.654445e+003,9.521059e+001
3.655409e+003,9.519402e+001
3.656374e+003,9.518024e+001
3.657338e+003,9.516914e+001
3.658302e+003,9.516251e+001
3.659266e+003,9.516206e+001
3.660230e+003,9.516734e+001
3.661195e+003,9.517558e+001
3.662159e+003,9.518281e+001
3.663123e+003,9.518589e+001
3.664087e+003,9.518415e+001
3.665052e+003,9.517986e+001
3.666016e+003,9.517718e+001
3.666980e+003,9.517989e+001
3.667944e+003,9.518943e+001
3.668908e+003,9.520409e+001
3.669873e+003,9.522027e+001
3.670837e+003,9.523432e+001
3.671801e+003,9.524426e+001
3.672765e+003,9.524941e+001
3.673730e+003,9.524948e+001
3.674694e+003,9.524419e+001
3.675658e+003,9.523434e+001
3.676622e+003,9.522341e+001
3.677587e+003,9.521696e+001
3.678551e+003,9.521938e+001
3.679515e+003,9.523090e+001
3.680479e+003,9.524710e+001
3.681444e+003,9.526102e+001
3.682408e+003,9.526663e+001
3.683372e+003,9.526174e+001
3.684336e+003,9.524924e+001
3.685301e+003,9.523641e+001
3.686265e+003,9.523123e+001
3.687229e+003,9.523775e+001
3.688193e+003,9.525264e+001
3.689157e+003,9.526747e+001
3.690122e+003,9.527576e+001
3.691086e+003,9.527845e+001
3.692050e+003,9.528162e+001
3.693014e+003,9.529039e+001
3.693979e+003,9.530518e+001
3.694943e+003,9.532267e+001
3.695907e+003,9.533895e+001
3.696871e+003,9.535182e+001
3.697835e+003,9.536126e+001
3.698800e+003,9.536859e+001
3.699764e+003,9.537531e+001
3.700728e+003,9.538271e+001
3.701692e+003,9.539178e+001
3.702657e+003,9.540356e+001
3.703621e+003,9.541840e+001
3.704585e+003,9.543555e+001
3.705549e+003,9.545335e+001
3.706514e+003,9.547009e+001
3.707478e+003,9.548450e+001
3.708442e+003,9.549498e+001
3.709406e+003,9.549803e+001
3.710371e+003,9.548897e+001
3.711335e+003,9.546671e+001
3.712299e+003,9.543799e+001
3.713263e+003,9.541515e+001
3.714228e+003,9.540834e+001
3.715192e+003,9.542005e+001
3.716156e+003,9.544598e+001
3.717120e+003,9.547968e+001
3.718084e+003,9.551602e+001
3.719049e+003,9.555219e+001
3.720013e+003,9.558638e+001
3.720977e+003,9.561610e+001
3.721941e+003,9.563759e+001
3.722906e+003,9.564714e+001
3.723870e+003,9.564335e+001
3.724834e+003,9.562823e+001
3.725798e+003,9.560666e+001
3.726762e+003,9.558430e+001
3.727727e+003,9.556575e+001
3.728691e+003,9.555411e+001
3.729655e+003,9.555167e+001
3.730619e+003,9.556133e+001
3.731584e+003,9.558549e+001
3.732548e+003,9.562269e+001
3.733512e+003,9.566406e+001
3.734476e+003,9.569513e+001
3.735441e+003,9.570468e+001
3.736405e+003,9.569164e+001
3.737369e+003,9.566113e+001
3.738333e+003,9.561638e+001
3.739298e+003,9.555638e+001
3.740262e+003,9.548006e+001
3.741226e+003,9.539191e+001
3.742190e+003,9.530309e+001
3.743155e+003,9.522872e+001
3.744119e+003,9.518172e+001
3.745083e+003,9.516754e+001
3.746047e+003,9.518221e+001
3.747011e+003,9.521423e+001
3.747976e+003,9.524900e+001
3.748940e+003,9.527401e+001
3.749904e+003,9.528333e+001
3.750868e+003,9.528017e+001
3.751833e+003,9.527542e+001
3.752797e+003,9.528098e+001
3.753761e+003,9.530251e+001
3.754725e+003,9.533618e+001
3.755689e+003,9.537156e+001
3.756654e+003,9.539736e+001
3.757618e+003,9.540651e+001
3.758582e+003,9.539837e+001
3.759546e+003,9.537813e+001
3.760511e+003,9.535389e+001
3.761475e+003,9.533292e+001
3.762439e+003,9.531886e+001
3.763404e+003,9.531100e+001
3.764368e+003,9.530580e+001
3.765332e+003,9.529953e+001
3.766296e+003,9.528944e+001
3.767260e+003,9.527453e+001
3.768225e+003,9.525529e+001
3.769189e+003,9.523416e+001
3.770153e+003,9.521490e+001
3.771117e+003,9.520081e+001
3.772082e+003,9.519312e+001
3.773046e+003,9.519104e+001
3.774010e+003,9.519306e+001
3.774974e+003,9.519818e+001
3.775938e+003,9.520614e+001
3.776903e+003,9.521658e+001
3.777867e+003,9.522846e+001
3.778831e+003,9.523995e+001
3.779795e+003,9.524921e+001
3.780760e+003,9.525518e+001
3.781724e+003,9.525794e+001
3.782688e+003,9.525803e+001
3.783652e+003,9.525583e+001
3.784617e+003,9.525065e+001
3.785581e+003,9.524146e+001
3.786545e+003,9.522751e+001
3.787509e+003,9.520950e+001
3.788474e+003,9.519006e+001
3.789438e+003,9.517339e+001
3.790402e+003,9.516369e+001
3.791366e+003,9.516366e+001
3.792331e+003,9.517347e+001
3.793295e+003,9.519080e+001
3.794259e+003,9.521193e+001
3.795223e+003,9.523315e+001
3.796188e+003,9.525186e+001
3.797152e+003,9.526652e+001
3.798116e+003,9.527605e+001
3.799080e+003,9.527918e+001
3.800044e+003,9.527441e+001
3.801009e+003,9.526056e+001
3.801973e+003,9.523726e+001
3.802937e+003,9.520557e+001
3.803901e+003,9.516842e+001
3.804865e+003,9.513050e+001
3.805830e+003,9.509751e+001
3.806794e+003,9.507429e+001
3.807758e+003,9.506268e+001
3.808722e+003,9.506092e+001
3.809687e+003,9.506442e+001
3.810651e+003,9.506832e+001
3.811615e+003,9.506995e+001
3.812579e+003,9.507034e+001
3.813544e+003,9.507349e+001
3.814508e+003,9.508440e+001
3.815472e+003,9.510597e+001
3.816436e+003,9.513695e+001
3.817401e+003,9.517139e+001
3.818365e+003,9.520107e+001
3.819329e+003,9.521919e+001
3.820293e+003,9.522401e+001
3.821258e+003,9.521938e+001
3.822222e+003,9.521220e+001
3.823186e+003,9.520825e+001
3.824150e+003,9.520924e+001
3.825115e+003,9.521279e+001
3.826079e+003,9.521464e+001
3.827043e+003,9.521131e+001
3.828007e+003,9.520166e+001
3.828971e+003,9.518698e+001
3.829936e+003,9.517006e+001
3.830900e+003,9.515399e+001
3.831864e+003,9.514153e+001
3.832828e+003,9.513500e+001
3.833792e+003,9.513657e+001
3.834757e+003,9.514793e+001
3.835721e+003,9.516875e+001
3.836685e+003,9.519529e+001
3.837649e+003,9.522018e+001
3.838614e+003,9.523505e+001
3.839578e+003,9.523509e+001
3.840542e+003,9.522136e+001
3.841506e+003,9.519984e+001
3.842471e+003,9.517807e+001
3.843435e+003,9.516153e+001
3.844399e+003,9.515113e+001
3.845363e+003,9.514281e+001
3.846328e+003,9.512875e+001
3.847292e+003,9.510078e+001
3.848256e+003,9.505414e+001
3.849220e+003,9.499068e+001
3.850185e+003,9.491904e+001
3.851149e+003,9.485023e+001
3.852113e+003,9.479122e+001
3.853077e+003,9.474416e+001
3.854042e+003,9.471522e+001
3.855006e+003,9.471847e+001
3.855970e+003,9.476375e+001
3.856934e+003,9.484399e+001
3.857898e+003,9.493863e+001
3.858863e+003,9.502593e+001
3.859827e+003,9.509230e+001
3.860791e+003,9.513414e+001
3.861755e+003,9.515491e+001
3.862719e+003,9.516068e+001
3.863684e+003,9.515668e+001
3.864648e+003,9.514627e+001
3.865612e+003,9.513185e+001
3.866576e+003,9.511565e+001
3.867541e+003,9.510027e+001
3.868505e+003,9.508802e+001
3.869469e+003,9.507990e+001
3.870433e+003,9.507517e+001
3.871398e+003,9.507191e+001
3.872362e+003,9.506821e+001
3.873326e+003,9.506273e+001
3.874290e+003,9.505516e+001
3.875255e+003,9.504627e+001
3.876219e+003,9.503799e+001
3.877183e+003,9.503297e+001
3.878147e+003,9.503323e+001
3.879112e+003,9.503848e+001
3.880076e+003,9.504507e+001
3.881040e+003,9.504699e+001
3.882004e+003,9.503846e+001
3.882969e+003,9.501734e+001
3.883933e+003,9.498695e+001
3.884897e+003,9.495464e+001
3.885861e+003,9.492892e+001
3.886825e+003,9.491550e+001
3.887790e+003,9.491547e+001
3.888754e+003,9.492592e+001
3.889718e+003,9.494160e+001
3.890682e+003,9.495752e+001
3.891646e+003,9.497041e+001
3.892611e+003,9.497947e+001
3.893575e+003,9.498522e+001
3.894539e+003,9.498832e+001
3.895503e+003,9.498889e+001
3.896468e+003,9.498724e+001
3.897432e+003,9.498460e+001
3.898396e+003,9.498325e+001
3.899360e+003,9.498479e+001
3.900325e+003,9.498792e+001
3.901289e+003,9.498783e+001
3.902253e+003,9.497906e+001
3.903217e+003,9.495968e+001
3.904182e+003,9.493310e+001
3.905146e+003,9.490528e+001
3.906110e+003,9.488132e+001
3.907074e+003,9.486385e+001
3.908039e+003,9.485336e+001
3.909003e+003,9.484930e+001
3.909967e+003,9.485039e+001
3.910931e+003,9.485501e+001
3.911896e+003,9.486148e+001
3.912860e+003,9.486839e+001
3.913824e+003,9.487492e+001
3.914788e+003,9.488087e+001
3.915752e+003,9.488657e+001
3.916717e+003,9.489262e+001
3.917681e+003,9.489993e+001
3.918645e+003,9.490901e+001
3.919609e+003,9.491982e+001
3.920573e+003,9.493141e+001
3.921538e+003,9.494225e+001
3.922502e+003,9.495088e+001
3.923466e+003,9.495679e+001
3.924430e+003,9.496035e+001
3.925395e+003,9.496239e+001
3.926359e+003,9.496361e+001
3.927323e+003,9.496401e+001
3.928287e+003,9.496268e+001
3.929252e+003,9.495808e+001
3.930216e+003,9.494859e+001
3.931180e+003,9.493338e+001
3.932144e+003,9.491317e+001
3.933109e+003,9.489028e+001
3.934073e+003,9.486813e+001
3.935037e+003,9.484998e+001
3.936001e+003,9.483780e+001
3.936966e+003,9.483223e+001
3.937930e+003,9.483280e+001
3.938894e+003,9.483856e+001
3.939858e+003,9.484821e+001
3.940823e+003,9.485984e+001
3.941787e+003,9.487154e+001
3.942751e+003,9.488148e+001
3.943715e+003,9.488865e+001
3.944679e+003,9.489287e+001
3.945644e+003,9.489451e+001
3.946608e+003,9.489385e+001
3.947572e+003,9.489073e+001
3.948536e+003,9.488464e+001
3.949500e+003,9.487488e+001
3.950465e+003,9.486135e+001
3.951429e+003,9.484483e+001
3.952393e+003,9.482714e+001
3.953357e+003,9.481048e+001
3.954322e+003,9.479694e+001
3.955286e+003,9.478781e+001
3.956250e+003,9.478312e+001
3.957214e+003,9.478156e+001
3.958179e+003,9.478111e+001
3.959143e+003,9.477966e+001
3.960107e+003,9.477583e+001
3.961071e+003,9.476939e+001
3.962036e+003,9.476111e+001
3.963000e+003,9.475246e+001
3.963964e+003,9.474483e+001
3.964928e+003,9.473904e+001
3.965893e+003,9.473540e+001
3.966857e+003,9.473362e+001
3.967821e+003,9.473340e+001
3.968785e+003,9.473437e+001
3.969750e+003,9.473612e+001
3.970714e+003,9.473822e+001
3.971678e+003,9.473985e+001
3.972642e+003,9.473991e+001
3.973606e+003,9.473747e+001
3.974571e+003,9.473209e+001
3.975535e+003,9.472411e+001
3.976499e+003,9.471458e+001
3.977463e+003,9.470494e+001
3.978427e+003,9.469641e+001
3.979392e+003,9.468964e+001
3.980356e+003,9.468449e+001
3.981320e+003,9.468027e+001
3.982284e+003,9.467630e+001
3.983249e+003,9.467236e+001
3.984213e+003,9.466870e+001
3.985177e+003,9.466605e+001
3.986141e+003,9.466510e+001
3.987106e+003,9.466606e+001
3.988070e+003,9.466837e+001
3.989034e+003,9.467091e+001
3.989998e+003,9.467238e+001
3.990963e+003,9.467188e+001
3.991927e+003,9.466912e+001
3.992891e+003,9.466443e+001
3.993855e+003,9.465854e+001
3.994820e+003,9.465215e+001
3.995784e+003,9.464556e+001
3.996748e+003,9.463889e+001
3.997712e+003,9.463211e+001
3.998677e+003,9.462543e+001
3.999641e+003,9.461733e+001
4.000605e+003,0.000000e+000
